23 1 747184 1158312 1903400 3348608 6093488
23 2 745264 1154824 1891336 3312592 6008968
23 3 747088 1159088 1907496 3354144 6105592
23 4 750720 1155096 1881824 3276624 5936728
23 5 780496 1169032 1873152 3173896 5665904
23 6 786136 1201696 1963704 3464192 6243144
23 7 761328 1147048 1828272 3100664 5566480
23 8 752848 1130408 1789880 2994440 5299200
23 9 747240 1148648 1851600 3167760 5739192
23 10 745808 1111080 1753368 2930136 5227464
23 11 746472 1140744 1829896 3111736 5615888
23 12 769456 1183624 1901288 3277704 5921824
23 13 758392 1161736 1852720 3137968 5637904
23 14 781408 1197592 1935416 3355336 6032912
23 15 781176 1192936 1931640 3335096 6023872
23 16 788072 1204760 1955512 3379448 6114776
23 17 766568 1174208 1902104 3291592 5938392
23 18 759040 1159824 1869968 3231640 5813248
23 19 766664 1171720 1892160 3262552 5880296
23 20 784408 1214848 2000240 3558368 6480576
23 21 798024 1210104 1959160 3379448 6089696
23 22 799960 1220872 1987056 3479160 6308392
23 23 800344 1222120 1997592 3515592 6388120
23 24 814896 1222488 1968160 3389696 6109640
23 25 817200 1242800 2022680 3547776 6423816
23 26 816904 1235392 2000344 3458904 6262712
23 27 810616 1220536 1942080 3305928 5954408
23 28 808680 1224072 1963216 3363520 6098640
23 29 818752 1248136 2013752 3464728 6279968
23 30 819320 1249744 2014936 3472152 6295808
23 31 819320 1249744 2014936 3472152 6295808
23 32 818752 1248136 2013752 3464728 6279968
23 33 808680 1224072 1963216 3363520 6098640
23 34 810616 1220536 1942080 3305928 5954408
23 35 816904 1235392 2000344 3458904 6262712
23 36 817200 1242800 2022680 3547776 6423816
23 37 814896 1222488 1968160 3389696 6109640
23 38 800344 1222120 1997592 3515592 6388120
23 39 799960 1220872 1987056 3479160 6308392
23 40 798024 1210104 1959160 3379448 6089696
23 41 784408 1214848 2000240 3558368 6480576
23 42 766664 1171720 1892160 3262552 5880296
23 43 759040 1159824 1869968 3231640 5813248
23 44 766568 1174208 1902104 3291592 5938392
23 45 788072 1204760 1955512 3379448 6114776
23 46 781176 1192936 1931640 3335096 6023872
23 47 781408 1197592 1935416 3355336 6032912
23 48 758392 1161736 1852720 3137968 5637904
23 49 769456 1183624 1901288 3277704 5921824
23 50 746472 1140744 1829896 3111736 5615888
23 51 745808 1111080 1753368 2930136 5227464
23 52 747240 1148648 1851600 3167760 5739192
23 53 752848 1130408 1789880 2994440 5299200
23 54 761328 1147048 1828272 3100664 5566480
23 55 786136 1201696 1963704 3464192 6243144
23 56 780496 1169032 1873152 3173896 5665904
23 57 750720 1155096 1881824 3276624 5936728
23 58 747088 1159088 1907496 3354144 6105592
23 59 745264 1154824 1891336 3312592 6008968
23 60 747184 1158312 1903400 3348608 6093488
23 61 747184 1158312 1903400 3348608 6093488
23 62 745264 1154824 1891336 3312592 6008968
23 63 747088 1159088 1907496 3354144 6105592
23 64 750720 1155096 1881824 3276624 5936728
23 65 780496 1169032 1873152 3173896 5665904
23 66 786136 1201696 1963704 3464192 6243144
23 67 761328 1147048 1828272 3100664 5566480
23 68 752848 1130408 1789880 2994440 5299200
23 69 747240 1148648 1851600 3167760 5739192
23 70 745808 1111080 1753368 2930136 5227464
23 71 746472 1140744 1829896 3111736 5615888
23 72 769456 1183624 1901288 3277704 5921824
23 73 758392 1161736 1852720 3137968 5637904
23 74 781408 1197592 1935416 3355336 6032912
23 75 781176 1192936 1931640 3335096 6023872
23 76 788072 1204760 1955512 3379448 6114776
23 77 766568 1174208 1902104 3291592 5938392
23 78 759040 1159824 1869968 3231640 5813248
23 79 766664 1171720 1892160 3262552 5880296
23 80 784408 1214848 2000240 3558368 6480576
23 81 798024 1210104 1959160 3379448 6089696
23 82 799960 1220872 1987056 3479160 6308392
23 83 800344 1222120 1997592 3515592 6388120
23 84 814896 1222488 1968160 3389696 6109640
23 85 817200 1242800 2022680 3547776 6423816
23 86 816904 1235392 2000344 3458904 6262712
23 87 810616 1220536 1942080 3305928 5954408
23 88 808680 1224072 1963216 3363520 6098640
23 89 818752 1248136 2013752 3464728 6279968
23 90 819320 1249744 2014936 3472152 6295808
23 91 819320 1249744 2014936 3472152 6295808
23 92 818752 1248136 2013752 3464728 6279968
23 93 808680 1224072 1963216 3363520 6098640
23 94 810616 1220536 1942080 3305928 5954408
23 95 816904 1235392 2000344 3458904 6262712
23 96 817200 1242800 2022680 3547776 6423816
23 97 814896 1222488 1968160 3389696 6109640
23 98 800344 1222120 1997592 3515592 6388120
23 99 799960 1220872 1987056 3479160 6308392
23 100 798024 1210104 1959160 3379448 6089696
23 101 784408 1214848 2000240 3558368 6480576
23 102 766664 1171720 1892160 3262552 5880296
23 103 759040 1159824 1869968 3231640 5813248
23 104 766568 1174208 1902104 3291592 5938392
23 105 788072 1204760 1955512 3379448 6114776
23 106 781176 1192936 1931640 3335096 6023872
23 107 781408 1197592 1935416 3355336 6032912
23 108 758392 1161736 1852720 3137968 5637904
23 109 769456 1183624 1901288 3277704 5921824
23 110 746472 1140744 1829896 3111736 5615888
23 111 745808 1111080 1753368 2930136 5227464
23 112 747240 1148648 1851600 3167760 5739192
23 113 752848 1130408 1789880 2994440 5299200
23 114 761328 1147048 1828272 3100664 5566480
23 115 786136 1201696 1963704 3464192 6243144
23 116 780496 1169032 1873152 3173896 5665904
23 117 750720 1155096 1881824 3276624 5936728
23 118 747088 1159088 1907496 3354144 6105592
23 119 745264 1154824 1891336 3312592 6008968
23 120 747184 1158312 1903400 3348608 6093488
23 121 747184 1158312 1903400 3348608 6093488
23 122 745264 1154824 1891336 3312592 6008968
23 123 747088 1159088 1907496 3354144 6105592
23 124 750720 1155096 1881824 3276624 5936728
23 125 780496 1169032 1873152 3173896 5665904
23 126 786136 1201696 1963704 3464192 6243144
23 127 761328 1147048 1828272 3100664 5566480
23 128 752848 1130408 1789880 2994440 5299200
23 129 747240 1148648 1851600 3167760 5739192
23 130 745808 1111080 1753368 2930136 5227464
23 131 746472 1140744 1829896 3111736 5615888
23 132 769456 1183624 1901288 3277704 5921824
23 133 758392 1161736 1852720 3137968 5637904
23 134 781408 1197592 1935416 3355336 6032912
23 135 781176 1192936 1931640 3335096 6023872
23 136 788072 1204760 1955512 3379448 6114776
23 137 766568 1174208 1902104 3291592 5938392
23 138 759040 1159824 1869968 3231640 5813248
23 139 766664 1171720 1892160 3262552 5880296
23 140 784408 1214848 2000240 3558368 6480576
23 141 798024 1210104 1959160 3379448 6089696
23 142 799960 1220872 1987056 3479160 6308392
23 143 800344 1222120 1997592 3515592 6388120
23 144 814896 1222488 1968160 3389696 6109640
23 145 817200 1242800 2022680 3547776 6423816
23 146 816904 1235392 2000344 3458904 6262712
23 147 810616 1220536 1942080 3305928 5954408
23 148 808680 1224072 1963216 3363520 6098640
23 149 818752 1248136 2013752 3464728 6279968
23 150 819320 1249744 2014936 3472152 6295808
23 151 819320 1249744 2014936 3472152 6295808
23 152 818752 1248136 2013752 3464728 6279968
23 153 808680 1224072 1963216 3363520 6098640
23 154 810616 1220536 1942080 3305928 5954408
23 155 816904 1235392 2000344 3458904 6262712
23 156 817200 1242800 2022680 3547776 6423816
23 157 814896 1222488 1968160 3389696 6109640
23 158 800344 1222120 1997592 3515592 6388120
23 159 799960 1220872 1987056 3479160 6308392
23 160 798024 1210104 1959160 3379448 6089696
23 161 784408 1214848 2000240 3558368 6480576
23 162 766664 1171720 1892160 3262552 5880296
23 163 759040 1159824 1869968 3231640 5813248
23 164 766568 1174208 1902104 3291592 5938392
23 165 788072 1204760 1955512 3379448 6114776
23 166 781176 1192936 1931640 3335096 6023872
23 167 781408 1197592 1935416 3355336 6032912
23 168 758392 1161736 1852720 3137968 5637904
23 169 769456 1183624 1901288 3277704 5921824
23 170 746472 1140744 1829896 3111736 5615888
23 171 745808 1111080 1753368 2930136 5227464
23 172 747240 1148648 1851600 3167760 5739192
23 173 752848 1130408 1789880 2994440 5299200
23 174 761328 1147048 1828272 3100664 5566480
23 175 786136 1201696 1963704 3464192 6243144
23 176 780496 1169032 1873152 3173896 5665904
23 177 750720 1155096 1881824 3276624 5936728
23 178 747088 1159088 1907496 3354144 6105592
23 179 745264 1154824 1891336 3312592 6008968
23 180 747184 1158312 1903400 3348608 6093488
23 181 747184 1158312 1903400 3348608 6093488
23 182 745264 1154824 1891336 3312592 6008968
23 183 747088 1159088 1907496 3354144 6105592
23 184 750720 1155096 1881824 3276624 5936728
23 185 780496 1169032 1873152 3173896 5665904
23 186 786136 1201696 1963704 3464192 6243144
23 187 761328 1147048 1828272 3100664 5566480
23 188 752848 1130408 1789880 2994440 5299200
23 189 747240 1148648 1851600 3167760 5739192
23 190 745808 1111080 1753368 2930136 5227464
23 191 746472 1140744 1829896 3111736 5615888
23 192 769456 1183624 1901288 3277704 5921824
23 193 758392 1161736 1852720 3137968 5637904
23 194 781408 1197592 1935416 3355336 6032912
23 195 781176 1192936 1931640 3335096 6023872
23 196 788072 1204760 1955512 3379448 6114776
23 197 766568 1174208 1902104 3291592 5938392
23 198 759040 1159824 1869968 3231640 5813248
23 199 766664 1171720 1892160 3262552 5880296
23 200 784408 1214848 2000240 3558368 6480576
23 201 798024 1210104 1959160 3379448 6089696
23 202 799960 1220872 1987056 3479160 6308392
23 203 800344 1222120 1997592 3515592 6388120
23 204 814896 1222488 1968160 3389696 6109640
23 205 817200 1242800 2022680 3547776 6423816
23 206 816904 1235392 2000344 3458904 6262712
23 207 810616 1220536 1942080 3305928 5954408
23 208 808680 1224072 1963216 3363520 6098640
23 209 818752 1248136 2013752 3464728 6279968
23 210 819320 1249744 2014936 3472152 6295808
23 211 819320 1249744 2014936 3472152 6295808
23 212 818752 1248136 2013752 3464728 6279968
23 213 808680 1224072 1963216 3363520 6098640
23 214 810616 1220536 1942080 3305928 5954408
23 215 816904 1235392 2000344 3458904 6262712
23 216 817200 1242800 2022680 3547776 6423816
23 217 814896 1222488 1968160 3389696 6109640
23 218 800344 1222120 1997592 3515592 6388120
23 219 799960 1220872 1987056 3479160 6308392
23 220 798024 1210104 1959160 3379448 6089696
23 221 784408 1214848 2000240 3558368 6480576
23 222 766664 1171720 1892160 3262552 5880296
23 223 759040 1159824 1869968 3231640 5813248
23 224 766568 1174208 1902104 3291592 5938392
23 225 788072 1204760 1955512 3379448 6114776
23 226 781176 1192936 1931640 3335096 6023872
23 227 781408 1197592 1935416 3355336 6032912
23 228 758392 1161736 1852720 3137968 5637904
23 229 769456 1183624 1901288 3277704 5921824
23 230 746472 1140744 1829896 3111736 5615888
23 231 745808 1111080 1753368 2930136 5227464
23 232 747240 1148648 1851600 3167760 5739192
23 233 752848 1130408 1789880 2994440 5299200
23 234 761328 1147048 1828272 3100664 5566480
23 235 786136 1201696 1963704 3464192 6243144
23 236 780496 1169032 1873152 3173896 5665904
23 237 750720 1155096 1881824 3276624 5936728
23 238 747088 1159088 1907496 3354144 6105592
23 239 745264 1154824 1891336 3312592 6008968
23 240 747184 1158312 1903400 3348608 6093488
23 241 747184 1158312 1903400 3348608 6093488
23 242 745264 1154824 1891336 3312592 6008968
23 243 747088 1159088 1907496 3354144 6105592
23 244 750720 1155096 1881824 3276624 5936728
23 245 780496 1169032 1873152 3173896 5665904
23 246 786136 1201696 1963704 3464192 6243144
23 247 761328 1147048 1828272 3100664 5566480
23 248 752848 1130408 1789880 2994440 5299200
23 249 747240 1148648 1851600 3167760 5739192
23 250 745808 1111080 1753368 2930136 5227464
23 251 746472 1140744 1829896 3111736 5615888
23 252 769456 1183624 1901288 3277704 5921824
23 253 758392 1161736 1852720 3137968 5637904
23 254 781408 1197592 1935416 3355336 6032912
23 255 781176 1192936 1931640 3335096 6023872
23 256 788072 1204760 1955512 3379448 6114776
23 257 766568 1174208 1902104 3291592 5938392
23 258 759040 1159824 1869968 3231640 5813248
23 259 766664 1171720 1892160 3262552 5880296
23 260 784408 1214848 2000240 3558368 6480576
23 261 798024 1210104 1959160 3379448 6089696
23 262 799960 1220872 1987056 3479160 6308392
23 263 800344 1222120 1997592 3515592 6388120
23 264 814896 1222488 1968160 3389696 6109640
23 265 817200 1242800 2022680 3547776 6423816
23 266 816904 1235392 2000344 3458904 6262712
23 267 810616 1220536 1942080 3305928 5954408
23 268 808680 1224072 1963216 3363520 6098640
23 269 818752 1248136 2013752 3464728 6279968
23 270 819320 1249744 2014936 3472152 6295808
23 271 819320 1249744 2014936 3472152 6295808
23 272 818752 1248136 2013752 3464728 6279968
23 273 808680 1224072 1963216 3363520 6098640
23 274 810616 1220536 1942080 3305928 5954408
23 275 816904 1235392 2000344 3458904 6262712
23 276 817200 1242800 2022680 3547776 6423816
23 277 814896 1222488 1968160 3389696 6109640
23 278 800344 1222120 1997592 3515592 6388120
23 279 799960 1220872 1987056 3479160 6308392
23 280 798024 1210104 1959160 3379448 6089696
23 281 784408 1214848 2000240 3558368 6480576
23 282 766664 1171720 1892160 3262552 5880296
23 283 759040 1159824 1869968 3231640 5813248
23 284 766568 1174208 1902104 3291592 5938392
23 285 788072 1204760 1955512 3379448 6114776
23 286 781176 1192936 1931640 3335096 6023872
23 287 781408 1197592 1935416 3355336 6032912
23 288 758392 1161736 1852720 3137968 5637904
23 289 769456 1183624 1901288 3277704 5921824
23 290 746472 1140744 1829896 3111736 5615888
23 291 745808 1111080 1753368 2930136 5227464
23 292 747240 1148648 1851600 3167760 5739192
23 293 752848 1130408 1789880 2994440 5299200
23 294 761328 1147048 1828272 3100664 5566480
23 295 786136 1201696 1963704 3464192 6243144
23 296 780496 1169032 1873152 3173896 5665904
23 297 750720 1155096 1881824 3276624 5936728
23 298 747088 1159088 1907496 3354144 6105592
23 299 745264 1154824 1891336 3312592 6008968
23 300 747184 1158312 1903400 3348608 6093488
23 301 747184 1158312 1903400 3348608 6093488
23 302 745264 1154824 1891336 3312592 6008968
23 303 747088 1159088 1907496 3354144 6105592
23 304 750720 1155096 1881824 3276624 5936728
23 305 780496 1169032 1873152 3173896 5665904
23 306 786136 1201696 1963704 3464192 6243144
23 307 761328 1147048 1828272 3100664 5566480
23 308 752848 1130408 1789880 2994440 5299200
23 309 747240 1148648 1851600 3167760 5739192
23 310 745808 1111080 1753368 2930136 5227464
23 311 746472 1140744 1829896 3111736 5615888
23 312 769456 1183624 1901288 3277704 5921824
23 313 758392 1161736 1852720 3137968 5637904
23 314 781408 1197592 1935416 3355336 6032912
23 315 781176 1192936 1931640 3335096 6023872
23 316 788072 1204760 1955512 3379448 6114776
23 317 766568 1174208 1902104 3291592 5938392
23 318 759040 1159824 1869968 3231640 5813248
23 319 766664 1171720 1892160 3262552 5880296
23 320 784408 1214848 2000240 3558368 6480576
23 321 798024 1210104 1959160 3379448 6089696
23 322 799960 1220872 1987056 3479160 6308392
23 323 800344 1222120 1997592 3515592 6388120
23 324 814896 1222488 1968160 3389696 6109640
23 325 817200 1242800 2022680 3547776 6423816
23 326 816904 1235392 2000344 3458904 6262712
23 327 810616 1220536 1942080 3305928 5954408
23 328 808680 1224072 1963216 3363520 6098640
23 329 818752 1248136 2013752 3464728 6279968
23 330 819320 1249744 2014936 3472152 6295808
23 331 819320 1249744 2014936 3472152 6295808
23 332 818752 1248136 2013752 3464728 6279968
23 333 808680 1224072 1963216 3363520 6098640
23 334 810616 1220536 1942080 3305928 5954408
23 335 816904 1235392 2000344 3458904 6262712
23 336 817200 1242800 2022680 3547776 6423816
23 337 814896 1222488 1968160 3389696 6109640
23 338 800344 1222120 1997592 3515592 6388120
23 339 799960 1220872 1987056 3479160 6308392
23 340 798024 1210104 1959160 3379448 6089696
23 341 784408 1214848 2000240 3558368 6480576
23 342 766664 1171720 1892160 3262552 5880296
23 343 759040 1159824 1869968 3231640 5813248
23 344 766568 1174208 1902104 3291592 5938392
23 345 788072 1204760 1955512 3379448 6114776
23 346 781176 1192936 1931640 3335096 6023872
23 347 781408 1197592 1935416 3355336 6032912
23 348 758392 1161736 1852720 3137968 5637904
23 349 769456 1183624 1901288 3277704 5921824
23 350 746472 1140744 1829896 3111736 5615888
23 351 745808 1111080 1753368 2930136 5227464
23 352 747240 1148648 1851600 3167760 5739192
23 353 752848 1130408 1789880 2994440 5299200
23 354 761328 1147048 1828272 3100664 5566480
23 355 786136 1201696 1963704 3464192 6243144
23 356 780496 1169032 1873152 3173896 5665904
23 357 750720 1155096 1881824 3276624 5936728
23 358 747088 1159088 1907496 3354144 6105592
23 359 745264 1154824 1891336 3312592 6008968
23 360 747184 1158312 1903400 3348608 6093488
24 1 1096056 1581096 2465144 4283184 7819432
24 2 1065352 1549368 2417168 4164576 7541352
24 3 1091728 1581528 2473688 4362520 8007576
24 4 1147416 1653872 2605040 4616216 8578408
24 5 1237080 1793032 2846984 5057552 9367544
24 6 1097616 1594320 2503664 4376568 7988080
24 7 1065912 1545544 2417160 4198608 7625712
24 8 1111864 1619984 2536000 4459272 8165368
24 9 1202856 1732928 2706560 4768568 8833336
24 10 1177824 1691264 2629128 4594072 8395016
24 11 1203512 1754688 2751280 4840408 8878080
24 12 1086896 1599200 2524000 4420160 7998056
24 13 1117312 1630328 2564312 4488808 8153208
24 14 1088096 1576184 2462432 4302640 7825560
24 15 1108864 1596392 2507200 4403072 8030728
24 16 1232480 1768096 2758360 4838696 8843048
24 17 1295520 1853360 2851144 4941320 9001912
24 18 1242344 1779080 2755432 4768616 8693160
24 19 1173408 1696824 2632656 4538808 8212504
24 20 1162240 1687232 2633448 4579376 8322920
24 21 1165848 1671544 2599320 4516144 8260536
24 22 1178152 1694624 2644840 4567088 8264224
24 23 1260184 1791424 2787328 4818008 8707168
24 24 1246552 1787672 2788664 4829392 8696176
24 25 1245560 1777400 2767600 4771240 8623528
24 26 1156496 1648424 2549352 4396896 7951664
24 27 1086672 1572952 2465776 4301880 7809056
24 28 1018784 1481392 2346128 4115520 7497896
24 29 1027872 1486616 2344216 4112688 7483464
24 30 1093496 1595360 2515440 4435632 8110176
24 31 1093496 1595360 2515440 4435632 8110176
24 32 1027872 1486616 2344216 4112688 7483464
24 33 1018784 1481392 2346128 4115520 7497896
24 34 1086672 1572952 2465776 4301880 7809056
24 35 1156496 1648424 2549352 4396896 7951664
24 36 1245560 1777400 2767600 4771240 8623528
24 37 1246552 1787672 2788664 4829392 8696176
24 38 1260184 1791424 2787328 4818008 8707168
24 39 1178152 1694624 2644840 4567088 8264224
24 40 1165848 1671544 2599320 4516144 8260536
24 41 1162240 1687232 2633448 4579376 8322920
24 42 1173408 1696824 2632656 4538808 8212504
24 43 1242344 1779080 2755432 4768616 8693160
24 44 1295520 1853360 2851144 4941320 9001912
24 45 1232480 1768096 2758360 4838696 8843048
24 46 1108864 1596392 2507200 4403072 8030728
24 47 1088096 1576184 2462432 4302640 7825560
24 48 1117312 1630328 2564312 4488808 8153208
24 49 1086896 1599200 2524000 4420160 7998056
24 50 1203512 1754688 2751280 4840408 8878080
24 51 1177824 1691264 2629128 4594072 8395016
24 52 1202856 1732928 2706560 4768568 8833336
24 53 1111864 1619984 2536000 4459272 8165368
24 54 1065912 1545544 2417160 4198608 7625712
24 55 1097616 1594320 2503664 4376568 7988080
24 56 1237080 1793032 2846984 5057552 9367544
24 57 1147416 1653872 2605040 4616216 8578408
24 58 1091728 1581528 2473688 4362520 8007576
24 59 1065352 1549368 2417168 4164576 7541352
24 60 1096056 1581096 2465144 4283184 7819432
24 61 1096056 1581096 2465144 4283184 7819432
24 62 1065352 1549368 2417168 4164576 7541352
24 63 1091728 1581528 2473688 4362520 8007576
24 64 1147416 1653872 2605040 4616216 8578408
24 65 1237080 1793032 2846984 5057552 9367544
24 66 1097616 1594320 2503664 4376568 7988080
24 67 1065912 1545544 2417160 4198608 7625712
24 68 1111864 1619984 2536000 4459272 8165368
24 69 1202856 1732928 2706560 4768568 8833336
24 70 1177824 1691264 2629128 4594072 8395016
24 71 1203512 1754688 2751280 4840408 8878080
24 72 1086896 1599200 2524000 4420160 7998056
24 73 1117312 1630328 2564312 4488808 8153208
24 74 1088096 1576184 2462432 4302640 7825560
24 75 1108864 1596392 2507200 4403072 8030728
24 76 1232480 1768096 2758360 4838696 8843048
24 77 1295520 1853360 2851144 4941320 9001912
24 78 1242344 1779080 2755432 4768616 8693160
24 79 1173408 1696824 2632656 4538808 8212504
24 80 1162240 1687232 2633448 4579376 8322920
24 81 1165848 1671544 2599320 4516144 8260536
24 82 1178152 1694624 2644840 4567088 8264224
24 83 1260184 1791424 2787328 4818008 8707168
24 84 1246552 1787672 2788664 4829392 8696176
24 85 1245560 1777400 2767600 4771240 8623528
24 86 1156496 1648424 2549352 4396896 7951664
24 87 1086672 1572952 2465776 4301880 7809056
24 88 1018784 1481392 2346128 4115520 7497896
24 89 1027872 1486616 2344216 4112688 7483464
24 90 1093496 1595360 2515440 4435632 8110176
24 91 1093496 1595360 2515440 4435632 8110176
24 92 1027872 1486616 2344216 4112688 7483464
24 93 1018784 1481392 2346128 4115520 7497896
24 94 1086672 1572952 2465776 4301880 7809056
24 95 1156496 1648424 2549352 4396896 7951664
24 96 1245560 1777400 2767600 4771240 8623528
24 97 1246552 1787672 2788664 4829392 8696176
24 98 1260184 1791424 2787328 4818008 8707168
24 99 1178152 1694624 2644840 4567088 8264224
24 100 1165848 1671544 2599320 4516144 8260536
24 101 1162240 1687232 2633448 4579376 8322920
24 102 1173408 1696824 2632656 4538808 8212504
24 103 1242344 1779080 2755432 4768616 8693160
24 104 1295520 1853360 2851144 4941320 9001912
24 105 1232480 1768096 2758360 4838696 8843048
24 106 1108864 1596392 2507200 4403072 8030728
24 107 1088096 1576184 2462432 4302640 7825560
24 108 1117312 1630328 2564312 4488808 8153208
24 109 1086896 1599200 2524000 4420160 7998056
24 110 1203512 1754688 2751280 4840408 8878080
24 111 1177824 1691264 2629128 4594072 8395016
24 112 1202856 1732928 2706560 4768568 8833336
24 113 1111864 1619984 2536000 4459272 8165368
24 114 1065912 1545544 2417160 4198608 7625712
24 115 1097616 1594320 2503664 4376568 7988080
24 116 1237080 1793032 2846984 5057552 9367544
24 117 1147416 1653872 2605040 4616216 8578408
24 118 1091728 1581528 2473688 4362520 8007576
24 119 1065352 1549368 2417168 4164576 7541352
24 120 1096056 1581096 2465144 4283184 7819432
24 121 1096056 1581096 2465144 4283184 7819432
24 122 1065352 1549368 2417168 4164576 7541352
24 123 1091728 1581528 2473688 4362520 8007576
24 124 1147416 1653872 2605040 4616216 8578408
24 125 1237080 1793032 2846984 5057552 9367544
24 126 1097616 1594320 2503664 4376568 7988080
24 127 1065912 1545544 2417160 4198608 7625712
24 128 1111864 1619984 2536000 4459272 8165368
24 129 1202856 1732928 2706560 4768568 8833336
24 130 1177824 1691264 2629128 4594072 8395016
24 131 1203512 1754688 2751280 4840408 8878080
24 132 1086896 1599200 2524000 4420160 7998056
24 133 1117312 1630328 2564312 4488808 8153208
24 134 1088096 1576184 2462432 4302640 7825560
24 135 1108864 1596392 2507200 4403072 8030728
24 136 1232480 1768096 2758360 4838696 8843048
24 137 1295520 1853360 2851144 4941320 9001912
24 138 1242344 1779080 2755432 4768616 8693160
24 139 1173408 1696824 2632656 4538808 8212504
24 140 1162240 1687232 2633448 4579376 8322920
24 141 1165848 1671544 2599320 4516144 8260536
24 142 1178152 1694624 2644840 4567088 8264224
24 143 1260184 1791424 2787328 4818008 8707168
24 144 1246552 1787672 2788664 4829392 8696176
24 145 1245560 1777400 2767600 4771240 8623528
24 146 1156496 1648424 2549352 4396896 7951664
24 147 1086672 1572952 2465776 4301880 7809056
24 148 1018784 1481392 2346128 4115520 7497896
24 149 1027872 1486616 2344216 4112688 7483464
24 150 1093496 1595360 2515440 4435632 8110176
24 151 1093496 1595360 2515440 4435632 8110176
24 152 1027872 1486616 2344216 4112688 7483464
24 153 1018784 1481392 2346128 4115520 7497896
24 154 1086672 1572952 2465776 4301880 7809056
24 155 1156496 1648424 2549352 4396896 7951664
24 156 1245560 1777400 2767600 4771240 8623528
24 157 1246552 1787672 2788664 4829392 8696176
24 158 1260184 1791424 2787328 4818008 8707168
24 159 1178152 1694624 2644840 4567088 8264224
24 160 1165848 1671544 2599320 4516144 8260536
24 161 1162240 1687232 2633448 4579376 8322920
24 162 1173408 1696824 2632656 4538808 8212504
24 163 1242344 1779080 2755432 4768616 8693160
24 164 1295520 1853360 2851144 4941320 9001912
24 165 1232480 1768096 2758360 4838696 8843048
24 166 1108864 1596392 2507200 4403072 8030728
24 167 1088096 1576184 2462432 4302640 7825560
24 168 1117312 1630328 2564312 4488808 8153208
24 169 1086896 1599200 2524000 4420160 7998056
24 170 1203512 1754688 2751280 4840408 8878080
24 171 1177824 1691264 2629128 4594072 8395016
24 172 1202856 1732928 2706560 4768568 8833336
24 173 1111864 1619984 2536000 4459272 8165368
24 174 1065912 1545544 2417160 4198608 7625712
24 175 1097616 1594320 2503664 4376568 7988080
24 176 1237080 1793032 2846984 5057552 9367544
24 177 1147416 1653872 2605040 4616216 8578408
24 178 1091728 1581528 2473688 4362520 8007576
24 179 1065352 1549368 2417168 4164576 7541352
24 180 1096056 1581096 2465144 4283184 7819432
24 181 1096056 1581096 2465144 4283184 7819432
24 182 1065352 1549368 2417168 4164576 7541352
24 183 1091728 1581528 2473688 4362520 8007576
24 184 1147416 1653872 2605040 4616216 8578408
24 185 1237080 1793032 2846984 5057552 9367544
24 186 1097616 1594320 2503664 4376568 7988080
24 187 1065912 1545544 2417160 4198608 7625712
24 188 1111864 1619984 2536000 4459272 8165368
24 189 1202856 1732928 2706560 4768568 8833336
24 190 1177824 1691264 2629128 4594072 8395016
24 191 1203512 1754688 2751280 4840408 8878080
24 192 1086896 1599200 2524000 4420160 7998056
24 193 1117312 1630328 2564312 4488808 8153208
24 194 1088096 1576184 2462432 4302640 7825560
24 195 1108864 1596392 2507200 4403072 8030728
24 196 1232480 1768096 2758360 4838696 8843048
24 197 1295520 1853360 2851144 4941320 9001912
24 198 1242344 1779080 2755432 4768616 8693160
24 199 1173408 1696824 2632656 4538808 8212504
24 200 1162240 1687232 2633448 4579376 8322920
24 201 1165848 1671544 2599320 4516144 8260536
24 202 1178152 1694624 2644840 4567088 8264224
24 203 1260184 1791424 2787328 4818008 8707168
24 204 1246552 1787672 2788664 4829392 8696176
24 205 1245560 1777400 2767600 4771240 8623528
24 206 1156496 1648424 2549352 4396896 7951664
24 207 1086672 1572952 2465776 4301880 7809056
24 208 1018784 1481392 2346128 4115520 7497896
24 209 1027872 1486616 2344216 4112688 7483464
24 210 1093496 1595360 2515440 4435632 8110176
24 211 1093496 1595360 2515440 4435632 8110176
24 212 1027872 1486616 2344216 4112688 7483464
24 213 1018784 1481392 2346128 4115520 7497896
24 214 1086672 1572952 2465776 4301880 7809056
24 215 1156496 1648424 2549352 4396896 7951664
24 216 1245560 1777400 2767600 4771240 8623528
24 217 1246552 1787672 2788664 4829392 8696176
24 218 1260184 1791424 2787328 4818008 8707168
24 219 1178152 1694624 2644840 4567088 8264224
24 220 1165848 1671544 2599320 4516144 8260536
24 221 1162240 1687232 2633448 4579376 8322920
24 222 1173408 1696824 2632656 4538808 8212504
24 223 1242344 1779080 2755432 4768616 8693160
24 224 1295520 1853360 2851144 4941320 9001912
24 225 1232480 1768096 2758360 4838696 8843048
24 226 1108864 1596392 2507200 4403072 8030728
24 227 1088096 1576184 2462432 4302640 7825560
24 228 1117312 1630328 2564312 4488808 8153208
24 229 1086896 1599200 2524000 4420160 7998056
24 230 1203512 1754688 2751280 4840408 8878080
24 231 1177824 1691264 2629128 4594072 8395016
24 232 1202856 1732928 2706560 4768568 8833336
24 233 1111864 1619984 2536000 4459272 8165368
24 234 1065912 1545544 2417160 4198608 7625712
24 235 1097616 1594320 2503664 4376568 7988080
24 236 1237080 1793032 2846984 5057552 9367544
24 237 1147416 1653872 2605040 4616216 8578408
24 238 1091728 1581528 2473688 4362520 8007576
24 239 1065352 1549368 2417168 4164576 7541352
24 240 1096056 1581096 2465144 4283184 7819432
24 241 1096056 1581096 2465144 4283184 7819432
24 242 1065352 1549368 2417168 4164576 7541352
24 243 1091728 1581528 2473688 4362520 8007576
24 244 1147416 1653872 2605040 4616216 8578408
24 245 1237080 1793032 2846984 5057552 9367544
24 246 1097616 1594320 2503664 4376568 7988080
24 247 1065912 1545544 2417160 4198608 7625712
24 248 1111864 1619984 2536000 4459272 8165368
24 249 1202856 1732928 2706560 4768568 8833336
24 250 1177824 1691264 2629128 4594072 8395016
24 251 1203512 1754688 2751280 4840408 8878080
24 252 1086896 1599200 2524000 4420160 7998056
24 253 1117312 1630328 2564312 4488808 8153208
24 254 1088096 1576184 2462432 4302640 7825560
24 255 1108864 1596392 2507200 4403072 8030728
24 256 1232480 1768096 2758360 4838696 8843048
24 257 1295520 1853360 2851144 4941320 9001912
24 258 1242344 1779080 2755432 4768616 8693160
24 259 1173408 1696824 2632656 4538808 8212504
24 260 1162240 1687232 2633448 4579376 8322920
24 261 1165848 1671544 2599320 4516144 8260536
24 262 1178152 1694624 2644840 4567088 8264224
24 263 1260184 1791424 2787328 4818008 8707168
24 264 1246552 1787672 2788664 4829392 8696176
24 265 1245560 1777400 2767600 4771240 8623528
24 266 1156496 1648424 2549352 4396896 7951664
24 267 1086672 1572952 2465776 4301880 7809056
24 268 1018784 1481392 2346128 4115520 7497896
24 269 1027872 1486616 2344216 4112688 7483464
24 270 1093496 1595360 2515440 4435632 8110176
24 271 1093496 1595360 2515440 4435632 8110176
24 272 1027872 1486616 2344216 4112688 7483464
24 273 1018784 1481392 2346128 4115520 7497896
24 274 1086672 1572952 2465776 4301880 7809056
24 275 1156496 1648424 2549352 4396896 7951664
24 276 1245560 1777400 2767600 4771240 8623528
24 277 1246552 1787672 2788664 4829392 8696176
24 278 1260184 1791424 2787328 4818008 8707168
24 279 1178152 1694624 2644840 4567088 8264224
24 280 1165848 1671544 2599320 4516144 8260536
24 281 1162240 1687232 2633448 4579376 8322920
24 282 1173408 1696824 2632656 4538808 8212504
24 283 1242344 1779080 2755432 4768616 8693160
24 284 1295520 1853360 2851144 4941320 9001912
24 285 1232480 1768096 2758360 4838696 8843048
24 286 1108864 1596392 2507200 4403072 8030728
24 287 1088096 1576184 2462432 4302640 7825560
24 288 1117312 1630328 2564312 4488808 8153208
24 289 1086896 1599200 2524000 4420160 7998056
24 290 1203512 1754688 2751280 4840408 8878080
24 291 1177824 1691264 2629128 4594072 8395016
24 292 1202856 1732928 2706560 4768568 8833336
24 293 1111864 1619984 2536000 4459272 8165368
24 294 1065912 1545544 2417160 4198608 7625712
24 295 1097616 1594320 2503664 4376568 7988080
24 296 1237080 1793032 2846984 5057552 9367544
24 297 1147416 1653872 2605040 4616216 8578408
24 298 1091728 1581528 2473688 4362520 8007576
24 299 1065352 1549368 2417168 4164576 7541352
24 300 1096056 1581096 2465144 4283184 7819432
24 301 1096056 1581096 2465144 4283184 7819432
24 302 1065352 1549368 2417168 4164576 7541352
24 303 1091728 1581528 2473688 4362520 8007576
24 304 1147416 1653872 2605040 4616216 8578408
24 305 1237080 1793032 2846984 5057552 9367544
24 306 1097616 1594320 2503664 4376568 7988080
24 307 1065912 1545544 2417160 4198608 7625712
24 308 1111864 1619984 2536000 4459272 8165368
24 309 1202856 1732928 2706560 4768568 8833336
24 310 1177824 1691264 2629128 4594072 8395016
24 311 1203512 1754688 2751280 4840408 8878080
24 312 1086896 1599200 2524000 4420160 7998056
24 313 1117312 1630328 2564312 4488808 8153208
24 314 1088096 1576184 2462432 4302640 7825560
24 315 1108864 1596392 2507200 4403072 8030728
24 316 1232480 1768096 2758360 4838696 8843048
24 317 1295520 1853360 2851144 4941320 9001912
24 318 1242344 1779080 2755432 4768616 8693160
24 319 1173408 1696824 2632656 4538808 8212504
24 320 1162240 1687232 2633448 4579376 8322920
24 321 1165848 1671544 2599320 4516144 8260536
24 322 1178152 1694624 2644840 4567088 8264224
24 323 1260184 1791424 2787328 4818008 8707168
24 324 1246552 1787672 2788664 4829392 8696176
24 325 1245560 1777400 2767600 4771240 8623528
24 326 1156496 1648424 2549352 4396896 7951664
24 327 1086672 1572952 2465776 4301880 7809056
24 328 1018784 1481392 2346128 4115520 7497896
24 329 1027872 1486616 2344216 4112688 7483464
24 330 1093496 1595360 2515440 4435632 8110176
24 331 1093496 1595360 2515440 4435632 8110176
24 332 1027872 1486616 2344216 4112688 7483464
24 333 1018784 1481392 2346128 4115520 7497896
24 334 1086672 1572952 2465776 4301880 7809056
24 335 1156496 1648424 2549352 4396896 7951664
24 336 1245560 1777400 2767600 4771240 8623528
24 337 1246552 1787672 2788664 4829392 8696176
24 338 1260184 1791424 2787328 4818008 8707168
24 339 1178152 1694624 2644840 4567088 8264224
24 340 1165848 1671544 2599320 4516144 8260536
24 341 1162240 1687232 2633448 4579376 8322920
24 342 1173408 1696824 2632656 4538808 8212504
24 343 1242344 1779080 2755432 4768616 8693160
24 344 1295520 1853360 2851144 4941320 9001912
24 345 1232480 1768096 2758360 4838696 8843048
24 346 1108864 1596392 2507200 4403072 8030728
24 347 1088096 1576184 2462432 4302640 7825560
24 348 1117312 1630328 2564312 4488808 8153208
24 349 1086896 1599200 2524000 4420160 7998056
24 350 1203512 1754688 2751280 4840408 8878080
24 351 1177824 1691264 2629128 4594072 8395016
24 352 1202856 1732928 2706560 4768568 8833336
24 353 1111864 1619984 2536000 4459272 8165368
24 354 1065912 1545544 2417160 4198608 7625712
24 355 1097616 1594320 2503664 4376568 7988080
24 356 1237080 1793032 2846984 5057552 9367544
24 357 1147416 1653872 2605040 4616216 8578408
24 358 1091728 1581528 2473688 4362520 8007576
24 359 1065352 1549368 2417168 4164576 7541352
24 360 1096056 1581096 2465144 4283184 7819432
25 1 1464704 2364912 4037144 7396040 13631904
25 2 1467552 2369224 4032304 7384824 13598744
25 3 1464136 2356608 4029024 7357624 13602592
25 4 1472672 2370424 4040536 7394472 13629296
25 5 1475688 2373024 4044040 7394488 13628056
25 6 1462280 2364072 4033080 7365032 13575032
25 7 1460696 2355448 4020200 7348760 13562728
25 8 1467936 2361552 4021432 7351128 13542472
25 9 1457168 2351296 4017296 7331680 13552536
25 10 1454448 2314352 3912216 7082048 13073808
25 11 1461592 2337848 3928424 7114032 13125072
25 12 1450464 2327488 3939648 7182536 13222840
25 13 1439656 2316160 3944896 7193456 13238928
25 14 1442760 2315648 3906432 7099664 13045832
25 15 1441496 2281944 3804032 6789656 12429440
25 16 1459352 2327696 3934008 7086376 12997808
25 17 1466720 2360240 4030376 7377440 13571432
25 18 1453848 2311240 3867464 6955104 12742368
25 19 1506120 2407736 4099816 7438344 13609592
25 20 1505296 2426056 4149368 7597368 13986144
25 21 1506200 2416568 4143552 7613104 13978904
25 22 1515248 2439160 4180208 7659872 14068056
25 23 1513504 2431112 4163120 7645864 14014304
25 24 1500080 2366424 3958248 7101520 13047312
25 25 1477592 2350328 3943512 7099648 13108128
25 26 1479440 2363768 4001056 7277416 13441176
25 27 1494352 2386976 4037024 7344256 13546648
25 28 1493400 2388368 4057648 7390720 13644688
25 29 1495248 2388336 4061176 7421360 13690216
25 30 1480104 2354752 3973384 7218456 13337144
25 31 1480104 2354752 3973384 7218456 13337144
25 32 1495248 2388336 4061176 7421360 13690216
25 33 1493400 2388368 4057648 7390720 13644688
25 34 1494352 2386976 4037024 7344256 13546648
25 35 1479440 2363768 4001056 7277416 13441176
25 36 1477592 2350328 3943512 7099648 13108128
25 37 1500080 2366424 3958248 7101520 13047312
25 38 1513504 2431112 4163120 7645864 14014304
25 39 1515248 2439160 4180208 7659872 14068056
25 40 1506200 2416568 4143552 7613104 13978904
25 41 1505296 2426056 4149368 7597368 13986144
25 42 1506120 2407736 4099816 7438344 13609592
25 43 1453848 2311240 3867464 6955104 12742368
25 44 1466720 2360240 4030376 7377440 13571432
25 45 1459352 2327696 3934008 7086376 12997808
25 46 1441496 2281944 3804032 6789656 12429440
25 47 1442760 2315648 3906432 7099664 13045832
25 48 1439656 2316160 3944896 7193456 13238928
25 49 1450464 2327488 3939648 7182536 13222840
25 50 1461592 2337848 3928424 7114032 13125072
25 51 1454448 2314352 3912216 7082048 13073808
25 52 1457168 2351296 4017296 7331680 13552536
25 53 1467936 2361552 4021432 7351128 13542472
25 54 1460696 2355448 4020200 7348760 13562728
25 55 1462280 2364072 4033080 7365032 13575032
25 56 1475688 2373024 4044040 7394488 13628056
25 57 1472672 2370424 4040536 7394472 13629296
25 58 1464136 2356608 4029024 7357624 13602592
25 59 1467552 2369224 4032304 7384824 13598744
25 60 1464704 2364912 4037144 7396040 13631904
25 61 1464704 2364912 4037144 7396040 13631904
25 62 1467552 2369224 4032304 7384824 13598744
25 63 1464136 2356608 4029024 7357624 13602592
25 64 1472672 2370424 4040536 7394472 13629296
25 65 1475688 2373024 4044040 7394488 13628056
25 66 1462280 2364072 4033080 7365032 13575032
25 67 1460696 2355448 4020200 7348760 13562728
25 68 1467936 2361552 4021432 7351128 13542472
25 69 1457168 2351296 4017296 7331680 13552536
25 70 1454448 2314352 3912216 7082048 13073808
25 71 1461592 2337848 3928424 7114032 13125072
25 72 1450464 2327488 3939648 7182536 13222840
25 73 1439656 2316160 3944896 7193456 13238928
25 74 1442760 2315648 3906432 7099664 13045832
25 75 1441496 2281944 3804032 6789656 12429440
25 76 1459352 2327696 3934008 7086376 12997808
25 77 1466720 2360240 4030376 7377440 13571432
25 78 1453848 2311240 3867464 6955104 12742368
25 79 1506120 2407736 4099816 7438344 13609592
25 80 1505296 2426056 4149368 7597368 13986144
25 81 1506200 2416568 4143552 7613104 13978904
25 82 1515248 2439160 4180208 7659872 14068056
25 83 1513504 2431112 4163120 7645864 14014304
25 84 1500080 2366424 3958248 7101520 13047312
25 85 1477592 2350328 3943512 7099648 13108128
25 86 1479440 2363768 4001056 7277416 13441176
25 87 1494352 2386976 4037024 7344256 13546648
25 88 1493400 2388368 4057648 7390720 13644688
25 89 1495248 2388336 4061176 7421360 13690216
25 90 1480104 2354752 3973384 7218456 13337144
25 91 1480104 2354752 3973384 7218456 13337144
25 92 1495248 2388336 4061176 7421360 13690216
25 93 1493400 2388368 4057648 7390720 13644688
25 94 1494352 2386976 4037024 7344256 13546648
25 95 1479440 2363768 4001056 7277416 13441176
25 96 1477592 2350328 3943512 7099648 13108128
25 97 1500080 2366424 3958248 7101520 13047312
25 98 1513504 2431112 4163120 7645864 14014304
25 99 1515248 2439160 4180208 7659872 14068056
25 100 1506200 2416568 4143552 7613104 13978904
25 101 1505296 2426056 4149368 7597368 13986144
25 102 1506120 2407736 4099816 7438344 13609592
25 103 1453848 2311240 3867464 6955104 12742368
25 104 1466720 2360240 4030376 7377440 13571432
25 105 1459352 2327696 3934008 7086376 12997808
25 106 1441496 2281944 3804032 6789656 12429440
25 107 1442760 2315648 3906432 7099664 13045832
25 108 1439656 2316160 3944896 7193456 13238928
25 109 1450464 2327488 3939648 7182536 13222840
25 110 1461592 2337848 3928424 7114032 13125072
25 111 1454448 2314352 3912216 7082048 13073808
25 112 1457168 2351296 4017296 7331680 13552536
25 113 1467936 2361552 4021432 7351128 13542472
25 114 1460696 2355448 4020200 7348760 13562728
25 115 1462280 2364072 4033080 7365032 13575032
25 116 1475688 2373024 4044040 7394488 13628056
25 117 1472672 2370424 4040536 7394472 13629296
25 118 1464136 2356608 4029024 7357624 13602592
25 119 1467552 2369224 4032304 7384824 13598744
25 120 1464704 2364912 4037144 7396040 13631904
25 121 1464704 2364912 4037144 7396040 13631904
25 122 1467552 2369224 4032304 7384824 13598744
25 123 1464136 2356608 4029024 7357624 13602592
25 124 1472672 2370424 4040536 7394472 13629296
25 125 1475688 2373024 4044040 7394488 13628056
25 126 1462280 2364072 4033080 7365032 13575032
25 127 1460696 2355448 4020200 7348760 13562728
25 128 1467936 2361552 4021432 7351128 13542472
25 129 1457168 2351296 4017296 7331680 13552536
25 130 1454448 2314352 3912216 7082048 13073808
25 131 1461592 2337848 3928424 7114032 13125072
25 132 1450464 2327488 3939648 7182536 13222840
25 133 1439656 2316160 3944896 7193456 13238928
25 134 1442760 2315648 3906432 7099664 13045832
25 135 1441496 2281944 3804032 6789656 12429440
25 136 1459352 2327696 3934008 7086376 12997808
25 137 1466720 2360240 4030376 7377440 13571432
25 138 1453848 2311240 3867464 6955104 12742368
25 139 1506120 2407736 4099816 7438344 13609592
25 140 1505296 2426056 4149368 7597368 13986144
25 141 1506200 2416568 4143552 7613104 13978904
25 142 1515248 2439160 4180208 7659872 14068056
25 143 1513504 2431112 4163120 7645864 14014304
25 144 1500080 2366424 3958248 7101520 13047312
25 145 1477592 2350328 3943512 7099648 13108128
25 146 1479440 2363768 4001056 7277416 13441176
25 147 1494352 2386976 4037024 7344256 13546648
25 148 1493400 2388368 4057648 7390720 13644688
25 149 1495248 2388336 4061176 7421360 13690216
25 150 1480104 2354752 3973384 7218456 13337144
25 151 1480104 2354752 3973384 7218456 13337144
25 152 1495248 2388336 4061176 7421360 13690216
25 153 1493400 2388368 4057648 7390720 13644688
25 154 1494352 2386976 4037024 7344256 13546648
25 155 1479440 2363768 4001056 7277416 13441176
25 156 1477592 2350328 3943512 7099648 13108128
25 157 1500080 2366424 3958248 7101520 13047312
25 158 1513504 2431112 4163120 7645864 14014304
25 159 1515248 2439160 4180208 7659872 14068056
25 160 1506200 2416568 4143552 7613104 13978904
25 161 1505296 2426056 4149368 7597368 13986144
25 162 1506120 2407736 4099816 7438344 13609592
25 163 1453848 2311240 3867464 6955104 12742368
25 164 1466720 2360240 4030376 7377440 13571432
25 165 1459352 2327696 3934008 7086376 12997808
25 166 1441496 2281944 3804032 6789656 12429440
25 167 1442760 2315648 3906432 7099664 13045832
25 168 1439656 2316160 3944896 7193456 13238928
25 169 1450464 2327488 3939648 7182536 13222840
25 170 1461592 2337848 3928424 7114032 13125072
25 171 1454448 2314352 3912216 7082048 13073808
25 172 1457168 2351296 4017296 7331680 13552536
25 173 1467936 2361552 4021432 7351128 13542472
25 174 1460696 2355448 4020200 7348760 13562728
25 175 1462280 2364072 4033080 7365032 13575032
25 176 1475688 2373024 4044040 7394488 13628056
25 177 1472672 2370424 4040536 7394472 13629296
25 178 1464136 2356608 4029024 7357624 13602592
25 179 1467552 2369224 4032304 7384824 13598744
25 180 1464704 2364912 4037144 7396040 13631904
25 181 1464704 2364912 4037144 7396040 13631904
25 182 1467552 2369224 4032304 7384824 13598744
25 183 1464136 2356608 4029024 7357624 13602592
25 184 1472672 2370424 4040536 7394472 13629296
25 185 1475688 2373024 4044040 7394488 13628056
25 186 1462280 2364072 4033080 7365032 13575032
25 187 1460696 2355448 4020200 7348760 13562728
25 188 1467936 2361552 4021432 7351128 13542472
25 189 1457168 2351296 4017296 7331680 13552536
25 190 1454448 2314352 3912216 7082048 13073808
25 191 1461592 2337848 3928424 7114032 13125072
25 192 1450464 2327488 3939648 7182536 13222840
25 193 1439656 2316160 3944896 7193456 13238928
25 194 1442760 2315648 3906432 7099664 13045832
25 195 1441496 2281944 3804032 6789656 12429440
25 196 1459352 2327696 3934008 7086376 12997808
25 197 1466720 2360240 4030376 7377440 13571432
25 198 1453848 2311240 3867464 6955104 12742368
25 199 1506120 2407736 4099816 7438344 13609592
25 200 1505296 2426056 4149368 7597368 13986144
25 201 1506200 2416568 4143552 7613104 13978904
25 202 1515248 2439160 4180208 7659872 14068056
25 203 1513504 2431112 4163120 7645864 14014304
25 204 1500080 2366424 3958248 7101520 13047312
25 205 1477592 2350328 3943512 7099648 13108128
25 206 1479440 2363768 4001056 7277416 13441176
25 207 1494352 2386976 4037024 7344256 13546648
25 208 1493400 2388368 4057648 7390720 13644688
25 209 1495248 2388336 4061176 7421360 13690216
25 210 1480104 2354752 3973384 7218456 13337144
25 211 1480104 2354752 3973384 7218456 13337144
25 212 1495248 2388336 4061176 7421360 13690216
25 213 1493400 2388368 4057648 7390720 13644688
25 214 1494352 2386976 4037024 7344256 13546648
25 215 1479440 2363768 4001056 7277416 13441176
25 216 1477592 2350328 3943512 7099648 13108128
25 217 1500080 2366424 3958248 7101520 13047312
25 218 1513504 2431112 4163120 7645864 14014304
25 219 1515248 2439160 4180208 7659872 14068056
25 220 1506200 2416568 4143552 7613104 13978904
25 221 1505296 2426056 4149368 7597368 13986144
25 222 1506120 2407736 4099816 7438344 13609592
25 223 1453848 2311240 3867464 6955104 12742368
25 224 1466720 2360240 4030376 7377440 13571432
25 225 1459352 2327696 3934008 7086376 12997808
25 226 1441496 2281944 3804032 6789656 12429440
25 227 1442760 2315648 3906432 7099664 13045832
25 228 1439656 2316160 3944896 7193456 13238928
25 229 1450464 2327488 3939648 7182536 13222840
25 230 1461592 2337848 3928424 7114032 13125072
25 231 1454448 2314352 3912216 7082048 13073808
25 232 1457168 2351296 4017296 7331680 13552536
25 233 1467936 2361552 4021432 7351128 13542472
25 234 1460696 2355448 4020200 7348760 13562728
25 235 1462280 2364072 4033080 7365032 13575032
25 236 1475688 2373024 4044040 7394488 13628056
25 237 1472672 2370424 4040536 7394472 13629296
25 238 1464136 2356608 4029024 7357624 13602592
25 239 1467552 2369224 4032304 7384824 13598744
25 240 1464704 2364912 4037144 7396040 13631904
25 241 1464704 2364912 4037144 7396040 13631904
25 242 1467552 2369224 4032304 7384824 13598744
25 243 1464136 2356608 4029024 7357624 13602592
25 244 1472672 2370424 4040536 7394472 13629296
25 245 1475688 2373024 4044040 7394488 13628056
25 246 1462280 2364072 4033080 7365032 13575032
25 247 1460696 2355448 4020200 7348760 13562728
25 248 1467936 2361552 4021432 7351128 13542472
25 249 1457168 2351296 4017296 7331680 13552536
25 250 1454448 2314352 3912216 7082048 13073808
25 251 1461592 2337848 3928424 7114032 13125072
25 252 1450464 2327488 3939648 7182536 13222840
25 253 1439656 2316160 3944896 7193456 13238928
25 254 1442760 2315648 3906432 7099664 13045832
25 255 1441496 2281944 3804032 6789656 12429440
25 256 1459352 2327696 3934008 7086376 12997808
25 257 1466720 2360240 4030376 7377440 13571432
25 258 1453848 2311240 3867464 6955104 12742368
25 259 1506120 2407736 4099816 7438344 13609592
25 260 1505296 2426056 4149368 7597368 13986144
25 261 1506200 2416568 4143552 7613104 13978904
25 262 1515248 2439160 4180208 7659872 14068056
25 263 1513504 2431112 4163120 7645864 14014304
25 264 1500080 2366424 3958248 7101520 13047312
25 265 1477592 2350328 3943512 7099648 13108128
25 266 1479440 2363768 4001056 7277416 13441176
25 267 1494352 2386976 4037024 7344256 13546648
25 268 1493400 2388368 4057648 7390720 13644688
25 269 1495248 2388336 4061176 7421360 13690216
25 270 1480104 2354752 3973384 7218456 13337144
25 271 1480104 2354752 3973384 7218456 13337144
25 272 1495248 2388336 4061176 7421360 13690216
25 273 1493400 2388368 4057648 7390720 13644688
25 274 1494352 2386976 4037024 7344256 13546648
25 275 1479440 2363768 4001056 7277416 13441176
25 276 1477592 2350328 3943512 7099648 13108128
25 277 1500080 2366424 3958248 7101520 13047312
25 278 1513504 2431112 4163120 7645864 14014304
25 279 1515248 2439160 4180208 7659872 14068056
25 280 1506200 2416568 4143552 7613104 13978904
25 281 1505296 2426056 4149368 7597368 13986144
25 282 1506120 2407736 4099816 7438344 13609592
25 283 1453848 2311240 3867464 6955104 12742368
25 284 1466720 2360240 4030376 7377440 13571432
25 285 1459352 2327696 3934008 7086376 12997808
25 286 1441496 2281944 3804032 6789656 12429440
25 287 1442760 2315648 3906432 7099664 13045832
25 288 1439656 2316160 3944896 7193456 13238928
25 289 1450464 2327488 3939648 7182536 13222840
25 290 1461592 2337848 3928424 7114032 13125072
25 291 1454448 2314352 3912216 7082048 13073808
25 292 1457168 2351296 4017296 7331680 13552536
25 293 1467936 2361552 4021432 7351128 13542472
25 294 1460696 2355448 4020200 7348760 13562728
25 295 1462280 2364072 4033080 7365032 13575032
25 296 1475688 2373024 4044040 7394488 13628056
25 297 1472672 2370424 4040536 7394472 13629296
25 298 1464136 2356608 4029024 7357624 13602592
25 299 1467552 2369224 4032304 7384824 13598744
25 300 1464704 2364912 4037144 7396040 13631904
25 301 1464704 2364912 4037144 7396040 13631904
25 302 1467552 2369224 4032304 7384824 13598744
25 303 1464136 2356608 4029024 7357624 13602592
25 304 1472672 2370424 4040536 7394472 13629296
25 305 1475688 2373024 4044040 7394488 13628056
25 306 1462280 2364072 4033080 7365032 13575032
25 307 1460696 2355448 4020200 7348760 13562728
25 308 1467936 2361552 4021432 7351128 13542472
25 309 1457168 2351296 4017296 7331680 13552536
25 310 1454448 2314352 3912216 7082048 13073808
25 311 1461592 2337848 3928424 7114032 13125072
25 312 1450464 2327488 3939648 7182536 13222840
25 313 1439656 2316160 3944896 7193456 13238928
25 314 1442760 2315648 3906432 7099664 13045832
25 315 1441496 2281944 3804032 6789656 12429440
25 316 1459352 2327696 3934008 7086376 12997808
25 317 1466720 2360240 4030376 7377440 13571432
25 318 1453848 2311240 3867464 6955104 12742368
25 319 1506120 2407736 4099816 7438344 13609592
25 320 1505296 2426056 4149368 7597368 13986144
25 321 1506200 2416568 4143552 7613104 13978904
25 322 1515248 2439160 4180208 7659872 14068056
25 323 1513504 2431112 4163120 7645864 14014304
25 324 1500080 2366424 3958248 7101520 13047312
25 325 1477592 2350328 3943512 7099648 13108128
25 326 1479440 2363768 4001056 7277416 13441176
25 327 1494352 2386976 4037024 7344256 13546648
25 328 1493400 2388368 4057648 7390720 13644688
25 329 1495248 2388336 4061176 7421360 13690216
25 330 1480104 2354752 3973384 7218456 13337144
25 331 1480104 2354752 3973384 7218456 13337144
25 332 1495248 2388336 4061176 7421360 13690216
25 333 1493400 2388368 4057648 7390720 13644688
25 334 1494352 2386976 4037024 7344256 13546648
25 335 1479440 2363768 4001056 7277416 13441176
25 336 1477592 2350328 3943512 7099648 13108128
25 337 1500080 2366424 3958248 7101520 13047312
25 338 1513504 2431112 4163120 7645864 14014304
25 339 1515248 2439160 4180208 7659872 14068056
25 340 1506200 2416568 4143552 7613104 13978904
25 341 1505296 2426056 4149368 7597368 13986144
25 342 1506120 2407736 4099816 7438344 13609592
25 343 1453848 2311240 3867464 6955104 12742368
25 344 1466720 2360240 4030376 7377440 13571432
25 345 1459352 2327696 3934008 7086376 12997808
25 346 1441496 2281944 3804032 6789656 12429440
25 347 1442760 2315648 3906432 7099664 13045832
25 348 1439656 2316160 3944896 7193456 13238928
25 349 1450464 2327488 3939648 7182536 13222840
25 350 1461592 2337848 3928424 7114032 13125072
25 351 1454448 2314352 3912216 7082048 13073808
25 352 1457168 2351296 4017296 7331680 13552536
25 353 1467936 2361552 4021432 7351128 13542472
25 354 1460696 2355448 4020200 7348760 13562728
25 355 1462280 2364072 4033080 7365032 13575032
25 356 1475688 2373024 4044040 7394488 13628056
25 357 1472672 2370424 4040536 7394472 13629296
25 358 1464136 2356608 4029024 7357624 13602592
25 359 1467552 2369224 4032304 7384824 13598744
25 360 1464704 2364912 4037144 7396040 13631904
26 1 1567296 2739424 5057904 9636328 17007680
26 2 1580496 2751208 5050848 9664608 17186056
26 3 1549344 2661816 4863784 9302968 16685456
26 4 1584336 2692888 4874464 9388272 16968032
26 5 1643816 2871304 5271832 10078240 17921152
26 6 1721648 3005256 5524056 10457208 18477912
26 7 1632144 2842216 5183568 9849600 17554296
26 8 1589208 2734800 4955960 9407640 16869320
26 9 1773656 3102592 5731360 10921936 19419232
26 10 1790312 3104272 5702192 10930416 19487440
26 11 1612032 2809200 5187416 9930160 17727720
26 12 1595648 2808856 5212368 9924688 17578640
26 13 1630984 2915928 5444904 10385344 18295104
26 14 1727808 3088920 5769640 10994760 19279008
26 15 1598832 2907104 5488800 10423128 18115528
26 16 1598656 2829496 5262352 10056624 17710872
26 17 1636632 2784904 5041944 9671392 17370184
26 18 1722112 2904608 5205376 9898768 17849312
26 19 1726168 2939128 5353816 10234296 18288584
26 20 1566032 2725632 5017992 9566320 17021504
26 21 1424584 2446976 4440312 8465672 15236200
26 22 1591680 2735984 4959672 9410432 16766936
26 23 1717128 2918840 5284592 9957760 17801984
26 24 1667408 2896640 5333600 10129760 17931264
26 25 1715552 2985024 5522168 10400488 18371824
26 26 1733384 3056456 5712456 10794840 18885368
26 27 1676712 2951808 5467776 10328504 18147312
26 28 1617008 2769728 5031552 9600032 17123904
26 29 1738856 2993664 5475168 10438464 18623824
26 30 1702800 3029856 5675504 10860416 18969808
26 31 1702800 3029856 5675504 10860416 18969808
26 32 1738856 2993664 5475168 10438464 18623824
26 33 1617008 2769728 5031552 9600032 17123904
26 34 1676712 2951808 5467776 10328504 18147312
26 35 1733384 3056456 5712456 10794840 18885368
26 36 1715552 2985024 5522168 10400488 18371824
26 37 1667408 2896640 5333600 10129760 17931264
26 38 1717128 2918840 5284592 9957760 17801984
26 39 1591680 2735984 4959672 9410432 16766936
26 40 1424584 2446976 4440312 8465672 15236200
26 41 1566032 2725632 5017992 9566320 17021504
26 42 1726168 2939128 5353816 10234296 18288584
26 43 1722112 2904608 5205376 9898768 17849312
26 44 1636632 2784904 5041944 9671392 17370184
26 45 1598656 2829496 5262352 10056624 17710872
26 46 1598832 2907104 5488800 10423128 18115528
26 47 1727808 3088920 5769640 10994760 19279008
26 48 1630984 2915928 5444904 10385344 18295104
26 49 1595648 2808856 5212368 9924688 17578640
26 50 1612032 2809200 5187416 9930160 17727720
26 51 1790312 3104272 5702192 10930416 19487440
26 52 1773656 3102592 5731360 10921936 19419232
26 53 1589208 2734800 4955960 9407640 16869320
26 54 1632144 2842216 5183568 9849600 17554296
26 55 1721648 3005256 5524056 10457208 18477912
26 56 1643816 2871304 5271832 10078240 17921152
26 57 1584336 2692888 4874464 9388272 16968032
26 58 1549344 2661816 4863784 9302968 16685456
26 59 1580496 2751208 5050848 9664608 17186056
26 60 1567296 2739424 5057904 9636328 17007680
26 61 1567296 2739424 5057904 9636328 17007680
26 62 1580496 2751208 5050848 9664608 17186056
26 63 1549344 2661816 4863784 9302968 16685456
26 64 1584336 2692888 4874464 9388272 16968032
26 65 1643816 2871304 5271832 10078240 17921152
26 66 1721648 3005256 5524056 10457208 18477912
26 67 1632144 2842216 5183568 9849600 17554296
26 68 1589208 2734800 4955960 9407640 16869320
26 69 1773656 3102592 5731360 10921936 19419232
26 70 1790312 3104272 5702192 10930416 19487440
26 71 1612032 2809200 5187416 9930160 17727720
26 72 1595648 2808856 5212368 9924688 17578640
26 73 1630984 2915928 5444904 10385344 18295104
26 74 1727808 3088920 5769640 10994760 19279008
26 75 1598832 2907104 5488800 10423128 18115528
26 76 1598656 2829496 5262352 10056624 17710872
26 77 1636632 2784904 5041944 9671392 17370184
26 78 1722112 2904608 5205376 9898768 17849312
26 79 1726168 2939128 5353816 10234296 18288584
26 80 1566032 2725632 5017992 9566320 17021504
26 81 1424584 2446976 4440312 8465672 15236200
26 82 1591680 2735984 4959672 9410432 16766936
26 83 1717128 2918840 5284592 9957760 17801984
26 84 1667408 2896640 5333600 10129760 17931264
26 85 1715552 2985024 5522168 10400488 18371824
26 86 1733384 3056456 5712456 10794840 18885368
26 87 1676712 2951808 5467776 10328504 18147312
26 88 1617008 2769728 5031552 9600032 17123904
26 89 1738856 2993664 5475168 10438464 18623824
26 90 1702800 3029856 5675504 10860416 18969808
26 91 1702800 3029856 5675504 10860416 18969808
26 92 1738856 2993664 5475168 10438464 18623824
26 93 1617008 2769728 5031552 9600032 17123904
26 94 1676712 2951808 5467776 10328504 18147312
26 95 1733384 3056456 5712456 10794840 18885368
26 96 1715552 2985024 5522168 10400488 18371824
26 97 1667408 2896640 5333600 10129760 17931264
26 98 1717128 2918840 5284592 9957760 17801984
26 99 1591680 2735984 4959672 9410432 16766936
26 100 1424584 2446976 4440312 8465672 15236200
26 101 1566032 2725632 5017992 9566320 17021504
26 102 1726168 2939128 5353816 10234296 18288584
26 103 1722112 2904608 5205376 9898768 17849312
26 104 1636632 2784904 5041944 9671392 17370184
26 105 1598656 2829496 5262352 10056624 17710872
26 106 1598832 2907104 5488800 10423128 18115528
26 107 1727808 3088920 5769640 10994760 19279008
26 108 1630984 2915928 5444904 10385344 18295104
26 109 1595648 2808856 5212368 9924688 17578640
26 110 1612032 2809200 5187416 9930160 17727720
26 111 1790312 3104272 5702192 10930416 19487440
26 112 1773656 3102592 5731360 10921936 19419232
26 113 1589208 2734800 4955960 9407640 16869320
26 114 1632144 2842216 5183568 9849600 17554296
26 115 1721648 3005256 5524056 10457208 18477912
26 116 1643816 2871304 5271832 10078240 17921152
26 117 1584336 2692888 4874464 9388272 16968032
26 118 1549344 2661816 4863784 9302968 16685456
26 119 1580496 2751208 5050848 9664608 17186056
26 120 1567296 2739424 5057904 9636328 17007680
26 121 1567296 2739424 5057904 9636328 17007680
26 122 1580496 2751208 5050848 9664608 17186056
26 123 1549344 2661816 4863784 9302968 16685456
26 124 1584336 2692888 4874464 9388272 16968032
26 125 1643816 2871304 5271832 10078240 17921152
26 126 1721648 3005256 5524056 10457208 18477912
26 127 1632144 2842216 5183568 9849600 17554296
26 128 1589208 2734800 4955960 9407640 16869320
26 129 1773656 3102592 5731360 10921936 19419232
26 130 1790312 3104272 5702192 10930416 19487440
26 131 1612032 2809200 5187416 9930160 17727720
26 132 1595648 2808856 5212368 9924688 17578640
26 133 1630984 2915928 5444904 10385344 18295104
26 134 1727808 3088920 5769640 10994760 19279008
26 135 1598832 2907104 5488800 10423128 18115528
26 136 1598656 2829496 5262352 10056624 17710872
26 137 1636632 2784904 5041944 9671392 17370184
26 138 1722112 2904608 5205376 9898768 17849312
26 139 1726168 2939128 5353816 10234296 18288584
26 140 1566032 2725632 5017992 9566320 17021504
26 141 1424584 2446976 4440312 8465672 15236200
26 142 1591680 2735984 4959672 9410432 16766936
26 143 1717128 2918840 5284592 9957760 17801984
26 144 1667408 2896640 5333600 10129760 17931264
26 145 1715552 2985024 5522168 10400488 18371824
26 146 1733384 3056456 5712456 10794840 18885368
26 147 1676712 2951808 5467776 10328504 18147312
26 148 1617008 2769728 5031552 9600032 17123904
26 149 1738856 2993664 5475168 10438464 18623824
26 150 1702800 3029856 5675504 10860416 18969808
26 151 1702800 3029856 5675504 10860416 18969808
26 152 1738856 2993664 5475168 10438464 18623824
26 153 1617008 2769728 5031552 9600032 17123904
26 154 1676712 2951808 5467776 10328504 18147312
26 155 1733384 3056456 5712456 10794840 18885368
26 156 1715552 2985024 5522168 10400488 18371824
26 157 1667408 2896640 5333600 10129760 17931264
26 158 1717128 2918840 5284592 9957760 17801984
26 159 1591680 2735984 4959672 9410432 16766936
26 160 1424584 2446976 4440312 8465672 15236200
26 161 1566032 2725632 5017992 9566320 17021504
26 162 1726168 2939128 5353816 10234296 18288584
26 163 1722112 2904608 5205376 9898768 17849312
26 164 1636632 2784904 5041944 9671392 17370184
26 165 1598656 2829496 5262352 10056624 17710872
26 166 1598832 2907104 5488800 10423128 18115528
26 167 1727808 3088920 5769640 10994760 19279008
26 168 1630984 2915928 5444904 10385344 18295104
26 169 1595648 2808856 5212368 9924688 17578640
26 170 1612032 2809200 5187416 9930160 17727720
26 171 1790312 3104272 5702192 10930416 19487440
26 172 1773656 3102592 5731360 10921936 19419232
26 173 1589208 2734800 4955960 9407640 16869320
26 174 1632144 2842216 5183568 9849600 17554296
26 175 1721648 3005256 5524056 10457208 18477912
26 176 1643816 2871304 5271832 10078240 17921152
26 177 1584336 2692888 4874464 9388272 16968032
26 178 1549344 2661816 4863784 9302968 16685456
26 179 1580496 2751208 5050848 9664608 17186056
26 180 1567296 2739424 5057904 9636328 17007680
26 181 1567296 2739424 5057904 9636328 17007680
26 182 1580496 2751208 5050848 9664608 17186056
26 183 1549344 2661816 4863784 9302968 16685456
26 184 1584336 2692888 4874464 9388272 16968032
26 185 1643816 2871304 5271832 10078240 17921152
26 186 1721648 3005256 5524056 10457208 18477912
26 187 1632144 2842216 5183568 9849600 17554296
26 188 1589208 2734800 4955960 9407640 16869320
26 189 1773656 3102592 5731360 10921936 19419232
26 190 1790312 3104272 5702192 10930416 19487440
26 191 1612032 2809200 5187416 9930160 17727720
26 192 1595648 2808856 5212368 9924688 17578640
26 193 1630984 2915928 5444904 10385344 18295104
26 194 1727808 3088920 5769640 10994760 19279008
26 195 1598832 2907104 5488800 10423128 18115528
26 196 1598656 2829496 5262352 10056624 17710872
26 197 1636632 2784904 5041944 9671392 17370184
26 198 1722112 2904608 5205376 9898768 17849312
26 199 1726168 2939128 5353816 10234296 18288584
26 200 1566032 2725632 5017992 9566320 17021504
26 201 1424584 2446976 4440312 8465672 15236200
26 202 1591680 2735984 4959672 9410432 16766936
26 203 1717128 2918840 5284592 9957760 17801984
26 204 1667408 2896640 5333600 10129760 17931264
26 205 1715552 2985024 5522168 10400488 18371824
26 206 1733384 3056456 5712456 10794840 18885368
26 207 1676712 2951808 5467776 10328504 18147312
26 208 1617008 2769728 5031552 9600032 17123904
26 209 1738856 2993664 5475168 10438464 18623824
26 210 1702800 3029856 5675504 10860416 18969808
26 211 1702800 3029856 5675504 10860416 18969808
26 212 1738856 2993664 5475168 10438464 18623824
26 213 1617008 2769728 5031552 9600032 17123904
26 214 1676712 2951808 5467776 10328504 18147312
26 215 1733384 3056456 5712456 10794840 18885368
26 216 1715552 2985024 5522168 10400488 18371824
26 217 1667408 2896640 5333600 10129760 17931264
26 218 1717128 2918840 5284592 9957760 17801984
26 219 1591680 2735984 4959672 9410432 16766936
26 220 1424584 2446976 4440312 8465672 15236200
26 221 1566032 2725632 5017992 9566320 17021504
26 222 1726168 2939128 5353816 10234296 18288584
26 223 1722112 2904608 5205376 9898768 17849312
26 224 1636632 2784904 5041944 9671392 17370184
26 225 1598656 2829496 5262352 10056624 17710872
26 226 1598832 2907104 5488800 10423128 18115528
26 227 1727808 3088920 5769640 10994760 19279008
26 228 1630984 2915928 5444904 10385344 18295104
26 229 1595648 2808856 5212368 9924688 17578640
26 230 1612032 2809200 5187416 9930160 17727720
26 231 1790312 3104272 5702192 10930416 19487440
26 232 1773656 3102592 5731360 10921936 19419232
26 233 1589208 2734800 4955960 9407640 16869320
26 234 1632144 2842216 5183568 9849600 17554296
26 235 1721648 3005256 5524056 10457208 18477912
26 236 1643816 2871304 5271832 10078240 17921152
26 237 1584336 2692888 4874464 9388272 16968032
26 238 1549344 2661816 4863784 9302968 16685456
26 239 1580496 2751208 5050848 9664608 17186056
26 240 1567296 2739424 5057904 9636328 17007680
26 241 1567296 2739424 5057904 9636328 17007680
26 242 1580496 2751208 5050848 9664608 17186056
26 243 1549344 2661816 4863784 9302968 16685456
26 244 1584336 2692888 4874464 9388272 16968032
26 245 1643816 2871304 5271832 10078240 17921152
26 246 1721648 3005256 5524056 10457208 18477912
26 247 1632144 2842216 5183568 9849600 17554296
26 248 1589208 2734800 4955960 9407640 16869320
26 249 1773656 3102592 5731360 10921936 19419232
26 250 1790312 3104272 5702192 10930416 19487440
26 251 1612032 2809200 5187416 9930160 17727720
26 252 1595648 2808856 5212368 9924688 17578640
26 253 1630984 2915928 5444904 10385344 18295104
26 254 1727808 3088920 5769640 10994760 19279008
26 255 1598832 2907104 5488800 10423128 18115528
26 256 1598656 2829496 5262352 10056624 17710872
26 257 1636632 2784904 5041944 9671392 17370184
26 258 1722112 2904608 5205376 9898768 17849312
26 259 1726168 2939128 5353816 10234296 18288584
26 260 1566032 2725632 5017992 9566320 17021504
26 261 1424584 2446976 4440312 8465672 15236200
26 262 1591680 2735984 4959672 9410432 16766936
26 263 1717128 2918840 5284592 9957760 17801984
26 264 1667408 2896640 5333600 10129760 17931264
26 265 1715552 2985024 5522168 10400488 18371824
26 266 1733384 3056456 5712456 10794840 18885368
26 267 1676712 2951808 5467776 10328504 18147312
26 268 1617008 2769728 5031552 9600032 17123904
26 269 1738856 2993664 5475168 10438464 18623824
26 270 1702800 3029856 5675504 10860416 18969808
26 271 1702800 3029856 5675504 10860416 18969808
26 272 1738856 2993664 5475168 10438464 18623824
26 273 1617008 2769728 5031552 9600032 17123904
26 274 1676712 2951808 5467776 10328504 18147312
26 275 1733384 3056456 5712456 10794840 18885368
26 276 1715552 2985024 5522168 10400488 18371824
26 277 1667408 2896640 5333600 10129760 17931264
26 278 1717128 2918840 5284592 9957760 17801984
26 279 1591680 2735984 4959672 9410432 16766936
26 280 1424584 2446976 4440312 8465672 15236200
26 281 1566032 2725632 5017992 9566320 17021504
26 282 1726168 2939128 5353816 10234296 18288584
26 283 1722112 2904608 5205376 9898768 17849312
26 284 1636632 2784904 5041944 9671392 17370184
26 285 1598656 2829496 5262352 10056624 17710872
26 286 1598832 2907104 5488800 10423128 18115528
26 287 1727808 3088920 5769640 10994760 19279008
26 288 1630984 2915928 5444904 10385344 18295104
26 289 1595648 2808856 5212368 9924688 17578640
26 290 1612032 2809200 5187416 9930160 17727720
26 291 1790312 3104272 5702192 10930416 19487440
26 292 1773656 3102592 5731360 10921936 19419232
26 293 1589208 2734800 4955960 9407640 16869320
26 294 1632144 2842216 5183568 9849600 17554296
26 295 1721648 3005256 5524056 10457208 18477912
26 296 1643816 2871304 5271832 10078240 17921152
26 297 1584336 2692888 4874464 9388272 16968032
26 298 1549344 2661816 4863784 9302968 16685456
26 299 1580496 2751208 5050848 9664608 17186056
26 300 1567296 2739424 5057904 9636328 17007680
26 301 1567296 2739424 5057904 9636328 17007680
26 302 1580496 2751208 5050848 9664608 17186056
26 303 1549344 2661816 4863784 9302968 16685456
26 304 1584336 2692888 4874464 9388272 16968032
26 305 1643816 2871304 5271832 10078240 17921152
26 306 1721648 3005256 5524056 10457208 18477912
26 307 1632144 2842216 5183568 9849600 17554296
26 308 1589208 2734800 4955960 9407640 16869320
26 309 1773656 3102592 5731360 10921936 19419232
26 310 1790312 3104272 5702192 10930416 19487440
26 311 1612032 2809200 5187416 9930160 17727720
26 312 1595648 2808856 5212368 9924688 17578640
26 313 1630984 2915928 5444904 10385344 18295104
26 314 1727808 3088920 5769640 10994760 19279008
26 315 1598832 2907104 5488800 10423128 18115528
26 316 1598656 2829496 5262352 10056624 17710872
26 317 1636632 2784904 5041944 9671392 17370184
26 318 1722112 2904608 5205376 9898768 17849312
26 319 1726168 2939128 5353816 10234296 18288584
26 320 1566032 2725632 5017992 9566320 17021504
26 321 1424584 2446976 4440312 8465672 15236200
26 322 1591680 2735984 4959672 9410432 16766936
26 323 1717128 2918840 5284592 9957760 17801984
26 324 1667408 2896640 5333600 10129760 17931264
26 325 1715552 2985024 5522168 10400488 18371824
26 326 1733384 3056456 5712456 10794840 18885368
26 327 1676712 2951808 5467776 10328504 18147312
26 328 1617008 2769728 5031552 9600032 17123904
26 329 1738856 2993664 5475168 10438464 18623824
26 330 1702800 3029856 5675504 10860416 18969808
26 331 1702800 3029856 5675504 10860416 18969808
26 332 1738856 2993664 5475168 10438464 18623824
26 333 1617008 2769728 5031552 9600032 17123904
26 334 1676712 2951808 5467776 10328504 18147312
26 335 1733384 3056456 5712456 10794840 18885368
26 336 1715552 2985024 5522168 10400488 18371824
26 337 1667408 2896640 5333600 10129760 17931264
26 338 1717128 2918840 5284592 9957760 17801984
26 339 1591680 2735984 4959672 9410432 16766936
26 340 1424584 2446976 4440312 8465672 15236200
26 341 1566032 2725632 5017992 9566320 17021504
26 342 1726168 2939128 5353816 10234296 18288584
26 343 1722112 2904608 5205376 9898768 17849312
26 344 1636632 2784904 5041944 9671392 17370184
26 345 1598656 2829496 5262352 10056624 17710872
26 346 1598832 2907104 5488800 10423128 18115528
26 347 1727808 3088920 5769640 10994760 19279008
26 348 1630984 2915928 5444904 10385344 18295104
26 349 1595648 2808856 5212368 9924688 17578640
26 350 1612032 2809200 5187416 9930160 17727720
26 351 1790312 3104272 5702192 10930416 19487440
26 352 1773656 3102592 5731360 10921936 19419232
26 353 1589208 2734800 4955960 9407640 16869320
26 354 1632144 2842216 5183568 9849600 17554296
26 355 1721648 3005256 5524056 10457208 18477912
26 356 1643816 2871304 5271832 10078240 17921152
26 357 1584336 2692888 4874464 9388272 16968032
26 358 1549344 2661816 4863784 9302968 16685456
26 359 1580496 2751208 5050848 9664608 17186056
26 360 1567296 2739424 5057904 9636328 17007680
