23 1 1120640 1738424 2859208 5033648 9150456
23 2 1116560 1731472 2840696 4979360 9055256
23 3 1141656 1745800 2833376 4896416 8837760
23 4 1174592 1778880 2884704 5018184 9009816
23 5 1135296 1705208 2706680 4565752 8149440
23 6 1129664 1726032 2772344 4712688 8474568
23 7 1112736 1676248 2667064 4497744 8072672
23 8 1146664 1756872 2815160 4819496 8690168
23 9 1148344 1766800 2844928 4887128 8800832
23 10 1177736 1791968 2881888 4953560 8911760
23 11 1169104 1792552 2917912 5052384 9142992
23 12 1141640 1743640 2808912 4848416 8727248
23 13 1155864 1776080 2888728 5039240 9114264
23 14 1190888 1817600 2961352 5159640 9334920
23 15 1191864 1820032 2962984 5180960 9391696
23 16 1221000 1843120 2987496 5201152 9412120
23 17 1225800 1855816 3007856 5239864 9470824
23 18 1216584 1840584 2954920 5070408 9167776
23 19 1210264 1830104 2931952 5019448 9078592
23 20 1232920 1886736 3054520 5274720 9589200
23 21 1232920 1886736 3054520 5274720 9589200
23 22 1210264 1830104 2931952 5019448 9078592
23 23 1216584 1840584 2954920 5070408 9167776
23 24 1225800 1855816 3007856 5239864 9470824
23 25 1221000 1843120 2987496 5201152 9412120
23 26 1191864 1820032 2962984 5180960 9391696
23 27 1190888 1817600 2961352 5159640 9334920
23 28 1155864 1776080 2888728 5039240 9114264
23 29 1141640 1743640 2808912 4848416 8727248
23 30 1169104 1792552 2917912 5052384 9142992
23 31 1177736 1791968 2881888 4953560 8911760
23 32 1148344 1766800 2844928 4887128 8800832
23 33 1146664 1756872 2815160 4819496 8690168
23 34 1112736 1676248 2667064 4497744 8072672
23 35 1129664 1726032 2772344 4712688 8474568
23 36 1135296 1705208 2706680 4565752 8149440
23 37 1174592 1778880 2884704 5018184 9009816
23 38 1141656 1745800 2833376 4896416 8837760
23 39 1116560 1731472 2840696 4979360 9055256
23 40 1120640 1738424 2859208 5033648 9150456
23 41 1120640 1738424 2859208 5033648 9150456
23 42 1116560 1731472 2840696 4979360 9055256
23 43 1141656 1745800 2833376 4896416 8837760
23 44 1174592 1778880 2884704 5018184 9009816
23 45 1135296 1705208 2706680 4565752 8149440
23 46 1129664 1726032 2772344 4712688 8474568
23 47 1112736 1676248 2667064 4497744 8072672
23 48 1146664 1756872 2815160 4819496 8690168
23 49 1148344 1766800 2844928 4887128 8800832
23 50 1177736 1791968 2881888 4953560 8911760
23 51 1169104 1792552 2917912 5052384 9142992
23 52 1141640 1743640 2808912 4848416 8727248
23 53 1155864 1776080 2888728 5039240 9114264
23 54 1190888 1817600 2961352 5159640 9334920
23 55 1191864 1820032 2962984 5180960 9391696
23 56 1221000 1843120 2987496 5201152 9412120
23 57 1225800 1855816 3007856 5239864 9470824
23 58 1216584 1840584 2954920 5070408 9167776
23 59 1210264 1830104 2931952 5019448 9078592
23 60 1232920 1886736 3054520 5274720 9589200
23 61 1232920 1886736 3054520 5274720 9589200
23 62 1210264 1830104 2931952 5019448 9078592
23 63 1216584 1840584 2954920 5070408 9167776
23 64 1225800 1855816 3007856 5239864 9470824
23 65 1221000 1843120 2987496 5201152 9412120
23 66 1191864 1820032 2962984 5180960 9391696
23 67 1190888 1817600 2961352 5159640 9334920
23 68 1155864 1776080 2888728 5039240 9114264
23 69 1141640 1743640 2808912 4848416 8727248
23 70 1169104 1792552 2917912 5052384 9142992
23 71 1177736 1791968 2881888 4953560 8911760
23 72 1148344 1766800 2844928 4887128 8800832
23 73 1146664 1756872 2815160 4819496 8690168
23 74 1112736 1676248 2667064 4497744 8072672
23 75 1129664 1726032 2772344 4712688 8474568
23 76 1135296 1705208 2706680 4565752 8149440
23 77 1174592 1778880 2884704 5018184 9009816
23 78 1141656 1745800 2833376 4896416 8837760
23 79 1116560 1731472 2840696 4979360 9055256
23 80 1120640 1738424 2859208 5033648 9150456
23 81 1120640 1738424 2859208 5033648 9150456
23 82 1116560 1731472 2840696 4979360 9055256
23 83 1141656 1745800 2833376 4896416 8837760
23 84 1174592 1778880 2884704 5018184 9009816
23 85 1135296 1705208 2706680 4565752 8149440
23 86 1129664 1726032 2772344 4712688 8474568
23 87 1112736 1676248 2667064 4497744 8072672
23 88 1146664 1756872 2815160 4819496 8690168
23 89 1148344 1766800 2844928 4887128 8800832
23 90 1177736 1791968 2881888 4953560 8911760
23 91 1169104 1792552 2917912 5052384 9142992
23 92 1141640 1743640 2808912 4848416 8727248
23 93 1155864 1776080 2888728 5039240 9114264
23 94 1190888 1817600 2961352 5159640 9334920
23 95 1191864 1820032 2962984 5180960 9391696
23 96 1221000 1843120 2987496 5201152 9412120
23 97 1225800 1855816 3007856 5239864 9470824
23 98 1216584 1840584 2954920 5070408 9167776
23 99 1210264 1830104 2931952 5019448 9078592
23 100 1232920 1886736 3054520 5274720 9589200
23 101 1232920 1886736 3054520 5274720 9589200
23 102 1210264 1830104 2931952 5019448 9078592
23 103 1216584 1840584 2954920 5070408 9167776
23 104 1225800 1855816 3007856 5239864 9470824
23 105 1221000 1843120 2987496 5201152 9412120
23 106 1191864 1820032 2962984 5180960 9391696
23 107 1190888 1817600 2961352 5159640 9334920
23 108 1155864 1776080 2888728 5039240 9114264
23 109 1141640 1743640 2808912 4848416 8727248
23 110 1169104 1792552 2917912 5052384 9142992
23 111 1177736 1791968 2881888 4953560 8911760
23 112 1148344 1766800 2844928 4887128 8800832
23 113 1146664 1756872 2815160 4819496 8690168
23 114 1112736 1676248 2667064 4497744 8072672
23 115 1129664 1726032 2772344 4712688 8474568
23 116 1135296 1705208 2706680 4565752 8149440
23 117 1174592 1778880 2884704 5018184 9009816
23 118 1141656 1745800 2833376 4896416 8837760
23 119 1116560 1731472 2840696 4979360 9055256
23 120 1120640 1738424 2859208 5033648 9150456
23 121 1120640 1738424 2859208 5033648 9150456
23 122 1116560 1731472 2840696 4979360 9055256
23 123 1141656 1745800 2833376 4896416 8837760
23 124 1174592 1778880 2884704 5018184 9009816
23 125 1135296 1705208 2706680 4565752 8149440
23 126 1129664 1726032 2772344 4712688 8474568
23 127 1112736 1676248 2667064 4497744 8072672
23 128 1146664 1756872 2815160 4819496 8690168
23 129 1148344 1766800 2844928 4887128 8800832
23 130 1177736 1791968 2881888 4953560 8911760
23 131 1169104 1792552 2917912 5052384 9142992
23 132 1141640 1743640 2808912 4848416 8727248
23 133 1155864 1776080 2888728 5039240 9114264
23 134 1190888 1817600 2961352 5159640 9334920
23 135 1191864 1820032 2962984 5180960 9391696
23 136 1221000 1843120 2987496 5201152 9412120
23 137 1225800 1855816 3007856 5239864 9470824
23 138 1216584 1840584 2954920 5070408 9167776
23 139 1210264 1830104 2931952 5019448 9078592
23 140 1232920 1886736 3054520 5274720 9589200
23 141 1232920 1886736 3054520 5274720 9589200
23 142 1210264 1830104 2931952 5019448 9078592
23 143 1216584 1840584 2954920 5070408 9167776
23 144 1225800 1855816 3007856 5239864 9470824
23 145 1221000 1843120 2987496 5201152 9412120
23 146 1191864 1820032 2962984 5180960 9391696
23 147 1190888 1817600 2961352 5159640 9334920
23 148 1155864 1776080 2888728 5039240 9114264
23 149 1141640 1743640 2808912 4848416 8727248
23 150 1169104 1792552 2917912 5052384 9142992
23 151 1177736 1791968 2881888 4953560 8911760
23 152 1148344 1766800 2844928 4887128 8800832
23 153 1146664 1756872 2815160 4819496 8690168
23 154 1112736 1676248 2667064 4497744 8072672
23 155 1129664 1726032 2772344 4712688 8474568
23 156 1135296 1705208 2706680 4565752 8149440
23 157 1174592 1778880 2884704 5018184 9009816
23 158 1141656 1745800 2833376 4896416 8837760
23 159 1116560 1731472 2840696 4979360 9055256
23 160 1120640 1738424 2859208 5033648 9150456
23 161 1120640 1738424 2859208 5033648 9150456
23 162 1116560 1731472 2840696 4979360 9055256
23 163 1141656 1745800 2833376 4896416 8837760
23 164 1174592 1778880 2884704 5018184 9009816
23 165 1135296 1705208 2706680 4565752 8149440
23 166 1129664 1726032 2772344 4712688 8474568
23 167 1112736 1676248 2667064 4497744 8072672
23 168 1146664 1756872 2815160 4819496 8690168
23 169 1148344 1766800 2844928 4887128 8800832
23 170 1177736 1791968 2881888 4953560 8911760
23 171 1169104 1792552 2917912 5052384 9142992
23 172 1141640 1743640 2808912 4848416 8727248
23 173 1155864 1776080 2888728 5039240 9114264
23 174 1190888 1817600 2961352 5159640 9334920
23 175 1191864 1820032 2962984 5180960 9391696
23 176 1221000 1843120 2987496 5201152 9412120
23 177 1225800 1855816 3007856 5239864 9470824
23 178 1216584 1840584 2954920 5070408 9167776
23 179 1210264 1830104 2931952 5019448 9078592
23 180 1232920 1886736 3054520 5274720 9589200
23 181 1232920 1886736 3054520 5274720 9589200
23 182 1210264 1830104 2931952 5019448 9078592
23 183 1216584 1840584 2954920 5070408 9167776
23 184 1225800 1855816 3007856 5239864 9470824
23 185 1221000 1843120 2987496 5201152 9412120
23 186 1191864 1820032 2962984 5180960 9391696
23 187 1190888 1817600 2961352 5159640 9334920
23 188 1155864 1776080 2888728 5039240 9114264
23 189 1141640 1743640 2808912 4848416 8727248
23 190 1169104 1792552 2917912 5052384 9142992
23 191 1177736 1791968 2881888 4953560 8911760
23 192 1148344 1766800 2844928 4887128 8800832
23 193 1146664 1756872 2815160 4819496 8690168
23 194 1112736 1676248 2667064 4497744 8072672
23 195 1129664 1726032 2772344 4712688 8474568
23 196 1135296 1705208 2706680 4565752 8149440
23 197 1174592 1778880 2884704 5018184 9009816
23 198 1141656 1745800 2833376 4896416 8837760
23 199 1116560 1731472 2840696 4979360 9055256
23 200 1120640 1738424 2859208 5033648 9150456
23 201 1120640 1738424 2859208 5033648 9150456
23 202 1116560 1731472 2840696 4979360 9055256
23 203 1141656 1745800 2833376 4896416 8837760
23 204 1174592 1778880 2884704 5018184 9009816
23 205 1135296 1705208 2706680 4565752 8149440
23 206 1129664 1726032 2772344 4712688 8474568
23 207 1112736 1676248 2667064 4497744 8072672
23 208 1146664 1756872 2815160 4819496 8690168
23 209 1148344 1766800 2844928 4887128 8800832
23 210 1177736 1791968 2881888 4953560 8911760
23 211 1169104 1792552 2917912 5052384 9142992
23 212 1141640 1743640 2808912 4848416 8727248
23 213 1155864 1776080 2888728 5039240 9114264
23 214 1190888 1817600 2961352 5159640 9334920
23 215 1191864 1820032 2962984 5180960 9391696
23 216 1221000 1843120 2987496 5201152 9412120
23 217 1225800 1855816 3007856 5239864 9470824
23 218 1216584 1840584 2954920 5070408 9167776
23 219 1210264 1830104 2931952 5019448 9078592
23 220 1232920 1886736 3054520 5274720 9589200
23 221 1232920 1886736 3054520 5274720 9589200
23 222 1210264 1830104 2931952 5019448 9078592
23 223 1216584 1840584 2954920 5070408 9167776
23 224 1225800 1855816 3007856 5239864 9470824
23 225 1221000 1843120 2987496 5201152 9412120
23 226 1191864 1820032 2962984 5180960 9391696
23 227 1190888 1817600 2961352 5159640 9334920
23 228 1155864 1776080 2888728 5039240 9114264
23 229 1141640 1743640 2808912 4848416 8727248
23 230 1169104 1792552 2917912 5052384 9142992
23 231 1177736 1791968 2881888 4953560 8911760
23 232 1148344 1766800 2844928 4887128 8800832
23 233 1146664 1756872 2815160 4819496 8690168
23 234 1112736 1676248 2667064 4497744 8072672
23 235 1129664 1726032 2772344 4712688 8474568
23 236 1135296 1705208 2706680 4565752 8149440
23 237 1174592 1778880 2884704 5018184 9009816
23 238 1141656 1745800 2833376 4896416 8837760
23 239 1116560 1731472 2840696 4979360 9055256
23 240 1120640 1738424 2859208 5033648 9150456
24 1 1630528 2364944 3691864 6408088 11686336
24 2 1616504 2341208 3658888 6397752 11676960
24 3 1769624 2554896 4041880 7171200 13334472
24 4 1710032 2484856 3913216 6878656 12602656
24 5 1601768 2322632 3629272 6324496 11503032
24 6 1776488 2574704 4030760 7106760 13130280
24 7 1796056 2589888 4040312 7058616 12900104
24 8 1674984 2459176 3871144 6801576 12382136
24 9 1679312 2443880 3827792 6683160 12134712
24 10 1635240 2358656 3707640 6513576 11876544
24 11 1879912 2695104 4188096 7326416 13392392
24 12 1900288 2717880 4187400 7230264 13160504
24 13 1756472 2541440 3951392 6829632 12370632
24 14 1745656 2515088 3915296 6806840 12429328
24 15 1808512 2583088 4020280 6934984 12551512
24 16 1878296 2692856 4203624 7281536 13118432
24 17 1848184 2633624 4085688 7044576 12732776
24 18 1643168 2367928 3699368 6431584 11658848
24 19 1530264 2222368 3510024 6155760 11198136
24 20 1607552 2338672 3693432 6505744 11891064
24 21 1607552 2338672 3693432 6505744 11891064
24 22 1530264 2222368 3510024 6155760 11198136
24 23 1643168 2367928 3699368 6431584 11658848
24 24 1848184 2633624 4085688 7044576 12732776
24 25 1878296 2692856 4203624 7281536 13118432
24 26 1808512 2583088 4020280 6934984 12551512
24 27 1745656 2515088 3915296 6806840 12429328
24 28 1756472 2541440 3951392 6829632 12370632
24 29 1900288 2717880 4187400 7230264 13160504
24 30 1879912 2695104 4188096 7326416 13392392
24 31 1635240 2358656 3707640 6513576 11876544
24 32 1679312 2443880 3827792 6683160 12134712
24 33 1674984 2459176 3871144 6801576 12382136
24 34 1796056 2589888 4040312 7058616 12900104
24 35 1776488 2574704 4030760 7106760 13130280
24 36 1601768 2322632 3629272 6324496 11503032
24 37 1710032 2484856 3913216 6878656 12602656
24 38 1769624 2554896 4041880 7171200 13334472
24 39 1616504 2341208 3658888 6397752 11676960
24 40 1630528 2364944 3691864 6408088 11686336
24 41 1630528 2364944 3691864 6408088 11686336
24 42 1616504 2341208 3658888 6397752 11676960
24 43 1769624 2554896 4041880 7171200 13334472
24 44 1710032 2484856 3913216 6878656 12602656
24 45 1601768 2322632 3629272 6324496 11503032
24 46 1776488 2574704 4030760 7106760 13130280
24 47 1796056 2589888 4040312 7058616 12900104
24 48 1674984 2459176 3871144 6801576 12382136
24 49 1679312 2443880 3827792 6683160 12134712
24 50 1635240 2358656 3707640 6513576 11876544
24 51 1879912 2695104 4188096 7326416 13392392
24 52 1900288 2717880 4187400 7230264 13160504
24 53 1756472 2541440 3951392 6829632 12370632
24 54 1745656 2515088 3915296 6806840 12429328
24 55 1808512 2583088 4020280 6934984 12551512
24 56 1878296 2692856 4203624 7281536 13118432
24 57 1848184 2633624 4085688 7044576 12732776
24 58 1643168 2367928 3699368 6431584 11658848
24 59 1530264 2222368 3510024 6155760 11198136
24 60 1607552 2338672 3693432 6505744 11891064
24 61 1607552 2338672 3693432 6505744 11891064
24 62 1530264 2222368 3510024 6155760 11198136
24 63 1643168 2367928 3699368 6431584 11658848
24 64 1848184 2633624 4085688 7044576 12732776
24 65 1878296 2692856 4203624 7281536 13118432
24 66 1808512 2583088 4020280 6934984 12551512
24 67 1745656 2515088 3915296 6806840 12429328
24 68 1756472 2541440 3951392 6829632 12370632
24 69 1900288 2717880 4187400 7230264 13160504
24 70 1879912 2695104 4188096 7326416 13392392
24 71 1635240 2358656 3707640 6513576 11876544
24 72 1679312 2443880 3827792 6683160 12134712
24 73 1674984 2459176 3871144 6801576 12382136
24 74 1796056 2589888 4040312 7058616 12900104
24 75 1776488 2574704 4030760 7106760 13130280
24 76 1601768 2322632 3629272 6324496 11503032
24 77 1710032 2484856 3913216 6878656 12602656
24 78 1769624 2554896 4041880 7171200 13334472
24 79 1616504 2341208 3658888 6397752 11676960
24 80 1630528 2364944 3691864 6408088 11686336
24 81 1630528 2364944 3691864 6408088 11686336
24 82 1616504 2341208 3658888 6397752 11676960
24 83 1769624 2554896 4041880 7171200 13334472
24 84 1710032 2484856 3913216 6878656 12602656
24 85 1601768 2322632 3629272 6324496 11503032
24 86 1776488 2574704 4030760 7106760 13130280
24 87 1796056 2589888 4040312 7058616 12900104
24 88 1674984 2459176 3871144 6801576 12382136
24 89 1679312 2443880 3827792 6683160 12134712
24 90 1635240 2358656 3707640 6513576 11876544
24 91 1879912 2695104 4188096 7326416 13392392
24 92 1900288 2717880 4187400 7230264 13160504
24 93 1756472 2541440 3951392 6829632 12370632
24 94 1745656 2515088 3915296 6806840 12429328
24 95 1808512 2583088 4020280 6934984 12551512
24 96 1878296 2692856 4203624 7281536 13118432
24 97 1848184 2633624 4085688 7044576 12732776
24 98 1643168 2367928 3699368 6431584 11658848
24 99 1530264 2222368 3510024 6155760 11198136
24 100 1607552 2338672 3693432 6505744 11891064
24 101 1607552 2338672 3693432 6505744 11891064
24 102 1530264 2222368 3510024 6155760 11198136
24 103 1643168 2367928 3699368 6431584 11658848
24 104 1848184 2633624 4085688 7044576 12732776
24 105 1878296 2692856 4203624 7281536 13118432
24 106 1808512 2583088 4020280 6934984 12551512
24 107 1745656 2515088 3915296 6806840 12429328
24 108 1756472 2541440 3951392 6829632 12370632
24 109 1900288 2717880 4187400 7230264 13160504
24 110 1879912 2695104 4188096 7326416 13392392
24 111 1635240 2358656 3707640 6513576 11876544
24 112 1679312 2443880 3827792 6683160 12134712
24 113 1674984 2459176 3871144 6801576 12382136
24 114 1796056 2589888 4040312 7058616 12900104
24 115 1776488 2574704 4030760 7106760 13130280
24 116 1601768 2322632 3629272 6324496 11503032
24 117 1710032 2484856 3913216 6878656 12602656
24 118 1769624 2554896 4041880 7171200 13334472
24 119 1616504 2341208 3658888 6397752 11676960
24 120 1630528 2364944 3691864 6408088 11686336
24 121 1630528 2364944 3691864 6408088 11686336
24 122 1616504 2341208 3658888 6397752 11676960
24 123 1769624 2554896 4041880 7171200 13334472
24 124 1710032 2484856 3913216 6878656 12602656
24 125 1601768 2322632 3629272 6324496 11503032
24 126 1776488 2574704 4030760 7106760 13130280
24 127 1796056 2589888 4040312 7058616 12900104
24 128 1674984 2459176 3871144 6801576 12382136
24 129 1679312 2443880 3827792 6683160 12134712
24 130 1635240 2358656 3707640 6513576 11876544
24 131 1879912 2695104 4188096 7326416 13392392
24 132 1900288 2717880 4187400 7230264 13160504
24 133 1756472 2541440 3951392 6829632 12370632
24 134 1745656 2515088 3915296 6806840 12429328
24 135 1808512 2583088 4020280 6934984 12551512
24 136 1878296 2692856 4203624 7281536 13118432
24 137 1848184 2633624 4085688 7044576 12732776
24 138 1643168 2367928 3699368 6431584 11658848
24 139 1530264 2222368 3510024 6155760 11198136
24 140 1607552 2338672 3693432 6505744 11891064
24 141 1607552 2338672 3693432 6505744 11891064
24 142 1530264 2222368 3510024 6155760 11198136
24 143 1643168 2367928 3699368 6431584 11658848
24 144 1848184 2633624 4085688 7044576 12732776
24 145 1878296 2692856 4203624 7281536 13118432
24 146 1808512 2583088 4020280 6934984 12551512
24 147 1745656 2515088 3915296 6806840 12429328
24 148 1756472 2541440 3951392 6829632 12370632
24 149 1900288 2717880 4187400 7230264 13160504
24 150 1879912 2695104 4188096 7326416 13392392
24 151 1635240 2358656 3707640 6513576 11876544
24 152 1679312 2443880 3827792 6683160 12134712
24 153 1674984 2459176 3871144 6801576 12382136
24 154 1796056 2589888 4040312 7058616 12900104
24 155 1776488 2574704 4030760 7106760 13130280
24 156 1601768 2322632 3629272 6324496 11503032
24 157 1710032 2484856 3913216 6878656 12602656
24 158 1769624 2554896 4041880 7171200 13334472
24 159 1616504 2341208 3658888 6397752 11676960
24 160 1630528 2364944 3691864 6408088 11686336
24 161 1630528 2364944 3691864 6408088 11686336
24 162 1616504 2341208 3658888 6397752 11676960
24 163 1769624 2554896 4041880 7171200 13334472
24 164 1710032 2484856 3913216 6878656 12602656
24 165 1601768 2322632 3629272 6324496 11503032
24 166 1776488 2574704 4030760 7106760 13130280
24 167 1796056 2589888 4040312 7058616 12900104
24 168 1674984 2459176 3871144 6801576 12382136
24 169 1679312 2443880 3827792 6683160 12134712
24 170 1635240 2358656 3707640 6513576 11876544
24 171 1879912 2695104 4188096 7326416 13392392
24 172 1900288 2717880 4187400 7230264 13160504
24 173 1756472 2541440 3951392 6829632 12370632
24 174 1745656 2515088 3915296 6806840 12429328
24 175 1808512 2583088 4020280 6934984 12551512
24 176 1878296 2692856 4203624 7281536 13118432
24 177 1848184 2633624 4085688 7044576 12732776
24 178 1643168 2367928 3699368 6431584 11658848
24 179 1530264 2222368 3510024 6155760 11198136
24 180 1607552 2338672 3693432 6505744 11891064
24 181 1607552 2338672 3693432 6505744 11891064
24 182 1530264 2222368 3510024 6155760 11198136
24 183 1643168 2367928 3699368 6431584 11658848
24 184 1848184 2633624 4085688 7044576 12732776
24 185 1878296 2692856 4203624 7281536 13118432
24 186 1808512 2583088 4020280 6934984 12551512
24 187 1745656 2515088 3915296 6806840 12429328
24 188 1756472 2541440 3951392 6829632 12370632
24 189 1900288 2717880 4187400 7230264 13160504
24 190 1879912 2695104 4188096 7326416 13392392
24 191 1635240 2358656 3707640 6513576 11876544
24 192 1679312 2443880 3827792 6683160 12134712
24 193 1674984 2459176 3871144 6801576 12382136
24 194 1796056 2589888 4040312 7058616 12900104
24 195 1776488 2574704 4030760 7106760 13130280
24 196 1601768 2322632 3629272 6324496 11503032
24 197 1710032 2484856 3913216 6878656 12602656
24 198 1769624 2554896 4041880 7171200 13334472
24 199 1616504 2341208 3658888 6397752 11676960
24 200 1630528 2364944 3691864 6408088 11686336
24 201 1630528 2364944 3691864 6408088 11686336
24 202 1616504 2341208 3658888 6397752 11676960
24 203 1769624 2554896 4041880 7171200 13334472
24 204 1710032 2484856 3913216 6878656 12602656
24 205 1601768 2322632 3629272 6324496 11503032
24 206 1776488 2574704 4030760 7106760 13130280
24 207 1796056 2589888 4040312 7058616 12900104
24 208 1674984 2459176 3871144 6801576 12382136
24 209 1679312 2443880 3827792 6683160 12134712
24 210 1635240 2358656 3707640 6513576 11876544
24 211 1879912 2695104 4188096 7326416 13392392
24 212 1900288 2717880 4187400 7230264 13160504
24 213 1756472 2541440 3951392 6829632 12370632
24 214 1745656 2515088 3915296 6806840 12429328
24 215 1808512 2583088 4020280 6934984 12551512
24 216 1878296 2692856 4203624 7281536 13118432
24 217 1848184 2633624 4085688 7044576 12732776
24 218 1643168 2367928 3699368 6431584 11658848
24 219 1530264 2222368 3510024 6155760 11198136
24 220 1607552 2338672 3693432 6505744 11891064
24 221 1607552 2338672 3693432 6505744 11891064
24 222 1530264 2222368 3510024 6155760 11198136
24 223 1643168 2367928 3699368 6431584 11658848
24 224 1848184 2633624 4085688 7044576 12732776
24 225 1878296 2692856 4203624 7281536 13118432
24 226 1808512 2583088 4020280 6934984 12551512
24 227 1745656 2515088 3915296 6806840 12429328
24 228 1756472 2541440 3951392 6829632 12370632
24 229 1900288 2717880 4187400 7230264 13160504
24 230 1879912 2695104 4188096 7326416 13392392
24 231 1635240 2358656 3707640 6513576 11876544
24 232 1679312 2443880 3827792 6683160 12134712
24 233 1674984 2459176 3871144 6801576 12382136
24 234 1796056 2589888 4040312 7058616 12900104
24 235 1776488 2574704 4030760 7106760 13130280
24 236 1601768 2322632 3629272 6324496 11503032
24 237 1710032 2484856 3913216 6878656 12602656
24 238 1769624 2554896 4041880 7171200 13334472
24 239 1616504 2341208 3658888 6397752 11676960
24 240 1630528 2364944 3691864 6408088 11686336
25 1 2202184 3554384 6058904 11095072 20455696
25 2 2194720 3537416 6040712 11045360 20380640
25 3 2209592 3553616 6064984 11092720 20444680
25 4 2198960 3551208 6052880 11059136 20384584
25 5 2199720 3544520 6040456 11038280 20359216
25 6 2186624 3525312 6020048 10997792 20307392
25 7 2182976 3481224 5871336 10625440 19618496
25 8 2181560 3495672 5906384 10749456 19796960
25 9 2160776 3472840 5903496 10744752 19768872
25 10 2163680 3444456 5755888 10343416 18960176
25 11 2193160 3506760 5957456 10793896 19817416
25 12 2187416 3489736 5875680 10624456 19504720
25 13 2260008 3623840 6175784 11236672 20601656
25 14 2258080 3628584 6218976 11415592 20976512
25 15 2270256 3655840 6266360 11503320 21116976
25 16 2255792 3578376 6031512 10902160 20012304
25 17 2219112 3532664 5945944 10746432 19823968
25 18 2232184 3569232 6036880 10982768 20276176
25 19 2239464 3582848 6085024 11098872 20499512
25 20 2225424 3547240 6004264 10926384 20168600
25 21 2225424 3547240 6004264 10926384 20168600
25 22 2239464 3582848 6085024 11098872 20499512
25 23 2232184 3569232 6036880 10982768 20276176
25 24 2219112 3532664 5945944 10746432 19823968
25 25 2255792 3578376 6031512 10902160 20012304
25 26 2270256 3655840 6266360 11503320 21116976
25 27 2258080 3628584 6218976 11415592 20976512
25 28 2260008 3623840 6175784 11236672 20601656
25 29 2187416 3489736 5875680 10624456 19504720
25 30 2193160 3506760 5957456 10793896 19817416
25 31 2163680 3444456 5755888 10343416 18960176
25 32 2160776 3472840 5903496 10744752 19768872
25 33 2181560 3495672 5906384 10749456 19796960
25 34 2182976 3481224 5871336 10625440 19618496
25 35 2186624 3525312 6020048 10997792 20307392
25 36 2199720 3544520 6040456 11038280 20359216
25 37 2198960 3551208 6052880 11059136 20384584
25 38 2209592 3553616 6064984 11092720 20444680
25 39 2194720 3537416 6040712 11045360 20380640
25 40 2202184 3554384 6058904 11095072 20455696
25 41 2202184 3554384 6058904 11095072 20455696
25 42 2194720 3537416 6040712 11045360 20380640
25 43 2209592 3553616 6064984 11092720 20444680
25 44 2198960 3551208 6052880 11059136 20384584
25 45 2199720 3544520 6040456 11038280 20359216
25 46 2186624 3525312 6020048 10997792 20307392
25 47 2182976 3481224 5871336 10625440 19618496
25 48 2181560 3495672 5906384 10749456 19796960
25 49 2160776 3472840 5903496 10744752 19768872
25 50 2163680 3444456 5755888 10343416 18960176
25 51 2193160 3506760 5957456 10793896 19817416
25 52 2187416 3489736 5875680 10624456 19504720
25 53 2260008 3623840 6175784 11236672 20601656
25 54 2258080 3628584 6218976 11415592 20976512
25 55 2270256 3655840 6266360 11503320 21116976
25 56 2255792 3578376 6031512 10902160 20012304
25 57 2219112 3532664 5945944 10746432 19823968
25 58 2232184 3569232 6036880 10982768 20276176
25 59 2239464 3582848 6085024 11098872 20499512
25 60 2225424 3547240 6004264 10926384 20168600
25 61 2225424 3547240 6004264 10926384 20168600
25 62 2239464 3582848 6085024 11098872 20499512
25 63 2232184 3569232 6036880 10982768 20276176
25 64 2219112 3532664 5945944 10746432 19823968
25 65 2255792 3578376 6031512 10902160 20012304
25 66 2270256 3655840 6266360 11503320 21116976
25 67 2258080 3628584 6218976 11415592 20976512
25 68 2260008 3623840 6175784 11236672 20601656
25 69 2187416 3489736 5875680 10624456 19504720
25 70 2193160 3506760 5957456 10793896 19817416
25 71 2163680 3444456 5755888 10343416 18960176
25 72 2160776 3472840 5903496 10744752 19768872
25 73 2181560 3495672 5906384 10749456 19796960
25 74 2182976 3481224 5871336 10625440 19618496
25 75 2186624 3525312 6020048 10997792 20307392
25 76 2199720 3544520 6040456 11038280 20359216
25 77 2198960 3551208 6052880 11059136 20384584
25 78 2209592 3553616 6064984 11092720 20444680
25 79 2194720 3537416 6040712 11045360 20380640
25 80 2202184 3554384 6058904 11095072 20455696
25 81 2202184 3554384 6058904 11095072 20455696
25 82 2194720 3537416 6040712 11045360 20380640
25 83 2209592 3553616 6064984 11092720 20444680
25 84 2198960 3551208 6052880 11059136 20384584
25 85 2199720 3544520 6040456 11038280 20359216
25 86 2186624 3525312 6020048 10997792 20307392
25 87 2182976 3481224 5871336 10625440 19618496
25 88 2181560 3495672 5906384 10749456 19796960
25 89 2160776 3472840 5903496 10744752 19768872
25 90 2163680 3444456 5755888 10343416 18960176
25 91 2193160 3506760 5957456 10793896 19817416
25 92 2187416 3489736 5875680 10624456 19504720
25 93 2260008 3623840 6175784 11236672 20601656
25 94 2258080 3628584 6218976 11415592 20976512
25 95 2270256 3655840 6266360 11503320 21116976
25 96 2255792 3578376 6031512 10902160 20012304
25 97 2219112 3532664 5945944 10746432 19823968
25 98 2232184 3569232 6036880 10982768 20276176
25 99 2239464 3582848 6085024 11098872 20499512
25 100 2225424 3547240 6004264 10926384 20168600
25 101 2225424 3547240 6004264 10926384 20168600
25 102 2239464 3582848 6085024 11098872 20499512
25 103 2232184 3569232 6036880 10982768 20276176
25 104 2219112 3532664 5945944 10746432 19823968
25 105 2255792 3578376 6031512 10902160 20012304
25 106 2270256 3655840 6266360 11503320 21116976
25 107 2258080 3628584 6218976 11415592 20976512
25 108 2260008 3623840 6175784 11236672 20601656
25 109 2187416 3489736 5875680 10624456 19504720
25 110 2193160 3506760 5957456 10793896 19817416
25 111 2163680 3444456 5755888 10343416 18960176
25 112 2160776 3472840 5903496 10744752 19768872
25 113 2181560 3495672 5906384 10749456 19796960
25 114 2182976 3481224 5871336 10625440 19618496
25 115 2186624 3525312 6020048 10997792 20307392
25 116 2199720 3544520 6040456 11038280 20359216
25 117 2198960 3551208 6052880 11059136 20384584
25 118 2209592 3553616 6064984 11092720 20444680
25 119 2194720 3537416 6040712 11045360 20380640
25 120 2202184 3554384 6058904 11095072 20455696
25 121 2202184 3554384 6058904 11095072 20455696
25 122 2194720 3537416 6040712 11045360 20380640
25 123 2209592 3553616 6064984 11092720 20444680
25 124 2198960 3551208 6052880 11059136 20384584
25 125 2199720 3544520 6040456 11038280 20359216
25 126 2186624 3525312 6020048 10997792 20307392
25 127 2182976 3481224 5871336 10625440 19618496
25 128 2181560 3495672 5906384 10749456 19796960
25 129 2160776 3472840 5903496 10744752 19768872
25 130 2163680 3444456 5755888 10343416 18960176
25 131 2193160 3506760 5957456 10793896 19817416
25 132 2187416 3489736 5875680 10624456 19504720
25 133 2260008 3623840 6175784 11236672 20601656
25 134 2258080 3628584 6218976 11415592 20976512
25 135 2270256 3655840 6266360 11503320 21116976
25 136 2255792 3578376 6031512 10902160 20012304
25 137 2219112 3532664 5945944 10746432 19823968
25 138 2232184 3569232 6036880 10982768 20276176
25 139 2239464 3582848 6085024 11098872 20499512
25 140 2225424 3547240 6004264 10926384 20168600
25 141 2225424 3547240 6004264 10926384 20168600
25 142 2239464 3582848 6085024 11098872 20499512
25 143 2232184 3569232 6036880 10982768 20276176
25 144 2219112 3532664 5945944 10746432 19823968
25 145 2255792 3578376 6031512 10902160 20012304
25 146 2270256 3655840 6266360 11503320 21116976
25 147 2258080 3628584 6218976 11415592 20976512
25 148 2260008 3623840 6175784 11236672 20601656
25 149 2187416 3489736 5875680 10624456 19504720
25 150 2193160 3506760 5957456 10793896 19817416
25 151 2163680 3444456 5755888 10343416 18960176
25 152 2160776 3472840 5903496 10744752 19768872
25 153 2181560 3495672 5906384 10749456 19796960
25 154 2182976 3481224 5871336 10625440 19618496
25 155 2186624 3525312 6020048 10997792 20307392
25 156 2199720 3544520 6040456 11038280 20359216
25 157 2198960 3551208 6052880 11059136 20384584
25 158 2209592 3553616 6064984 11092720 20444680
25 159 2194720 3537416 6040712 11045360 20380640
25 160 2202184 3554384 6058904 11095072 20455696
25 161 2202184 3554384 6058904 11095072 20455696
25 162 2194720 3537416 6040712 11045360 20380640
25 163 2209592 3553616 6064984 11092720 20444680
25 164 2198960 3551208 6052880 11059136 20384584
25 165 2199720 3544520 6040456 11038280 20359216
25 166 2186624 3525312 6020048 10997792 20307392
25 167 2182976 3481224 5871336 10625440 19618496
25 168 2181560 3495672 5906384 10749456 19796960
25 169 2160776 3472840 5903496 10744752 19768872
25 170 2163680 3444456 5755888 10343416 18960176
25 171 2193160 3506760 5957456 10793896 19817416
25 172 2187416 3489736 5875680 10624456 19504720
25 173 2260008 3623840 6175784 11236672 20601656
25 174 2258080 3628584 6218976 11415592 20976512
25 175 2270256 3655840 6266360 11503320 21116976
25 176 2255792 3578376 6031512 10902160 20012304
25 177 2219112 3532664 5945944 10746432 19823968
25 178 2232184 3569232 6036880 10982768 20276176
25 179 2239464 3582848 6085024 11098872 20499512
25 180 2225424 3547240 6004264 10926384 20168600
25 181 2225424 3547240 6004264 10926384 20168600
25 182 2239464 3582848 6085024 11098872 20499512
25 183 2232184 3569232 6036880 10982768 20276176
25 184 2219112 3532664 5945944 10746432 19823968
25 185 2255792 3578376 6031512 10902160 20012304
25 186 2270256 3655840 6266360 11503320 21116976
25 187 2258080 3628584 6218976 11415592 20976512
25 188 2260008 3623840 6175784 11236672 20601656
25 189 2187416 3489736 5875680 10624456 19504720
25 190 2193160 3506760 5957456 10793896 19817416
25 191 2163680 3444456 5755888 10343416 18960176
25 192 2160776 3472840 5903496 10744752 19768872
25 193 2181560 3495672 5906384 10749456 19796960
25 194 2182976 3481224 5871336 10625440 19618496
25 195 2186624 3525312 6020048 10997792 20307392
25 196 2199720 3544520 6040456 11038280 20359216
25 197 2198960 3551208 6052880 11059136 20384584
25 198 2209592 3553616 6064984 11092720 20444680
25 199 2194720 3537416 6040712 11045360 20380640
25 200 2202184 3554384 6058904 11095072 20455696
25 201 2202184 3554384 6058904 11095072 20455696
25 202 2194720 3537416 6040712 11045360 20380640
25 203 2209592 3553616 6064984 11092720 20444680
25 204 2198960 3551208 6052880 11059136 20384584
25 205 2199720 3544520 6040456 11038280 20359216
25 206 2186624 3525312 6020048 10997792 20307392
25 207 2182976 3481224 5871336 10625440 19618496
25 208 2181560 3495672 5906384 10749456 19796960
25 209 2160776 3472840 5903496 10744752 19768872
25 210 2163680 3444456 5755888 10343416 18960176
25 211 2193160 3506760 5957456 10793896 19817416
25 212 2187416 3489736 5875680 10624456 19504720
25 213 2260008 3623840 6175784 11236672 20601656
25 214 2258080 3628584 6218976 11415592 20976512
25 215 2270256 3655840 6266360 11503320 21116976
25 216 2255792 3578376 6031512 10902160 20012304
25 217 2219112 3532664 5945944 10746432 19823968
25 218 2232184 3569232 6036880 10982768 20276176
25 219 2239464 3582848 6085024 11098872 20499512
25 220 2225424 3547240 6004264 10926384 20168600
25 221 2225424 3547240 6004264 10926384 20168600
25 222 2239464 3582848 6085024 11098872 20499512
25 223 2232184 3569232 6036880 10982768 20276176
25 224 2219112 3532664 5945944 10746432 19823968
25 225 2255792 3578376 6031512 10902160 20012304
25 226 2270256 3655840 6266360 11503320 21116976
25 227 2258080 3628584 6218976 11415592 20976512
25 228 2260008 3623840 6175784 11236672 20601656
25 229 2187416 3489736 5875680 10624456 19504720
25 230 2193160 3506760 5957456 10793896 19817416
25 231 2163680 3444456 5755888 10343416 18960176
25 232 2160776 3472840 5903496 10744752 19768872
25 233 2181560 3495672 5906384 10749456 19796960
25 234 2182976 3481224 5871336 10625440 19618496
25 235 2186624 3525312 6020048 10997792 20307392
25 236 2199720 3544520 6040456 11038280 20359216
25 237 2198960 3551208 6052880 11059136 20384584
25 238 2209592 3553616 6064984 11092720 20444680
25 239 2194720 3537416 6040712 11045360 20380640
25 240 2202184 3554384 6058904 11095072 20455696
26 1 2366488 4128608 7604656 14483856 25623152
26 2 2335312 4031664 7382656 14128360 25273480
26 3 2404880 4121696 7487704 14396952 25904680
26 4 2542872 4449912 8186728 15536928 27458440
26 5 2416664 4195304 7628696 14494664 25898576
26 6 2574616 4482544 8240656 15683696 27945296
26 7 2600168 4510784 8295128 15906112 28389864
26 8 2394752 4209304 7804640 14878928 26402448
26 9 2508264 4473576 8342440 15914288 28003312
26 10 2447848 4435384 8361280 15886992 27682248
26 11 2400392 4198800 7762904 14855400 26290376
26 12 2555888 4317048 7745112 14775712 26645384
26 13 2540256 4358048 7970272 15239032 27161744
26 14 2173528 3750152 6835448 13022912 23376800
26 15 2450960 4191040 7581352 14340128 25571376
26 16 2523264 4359248 7998088 15161016 26923840
26 17 2574288 4500432 8354408 15769816 27758712
26 18 2548720 4493448 8341552 15751152 27643592
26 19 2468984 4237776 7705592 14709384 26279832
26 20 2588064 4559744 8480784 16192752 28445216
26 21 2588064 4559744 8480784 16192752 28445216
26 22 2468984 4237776 7705592 14709384 26279832
26 23 2548720 4493448 8341552 15751152 27643592
26 24 2574288 4500432 8354408 15769816 27758712
26 25 2523264 4359248 7998088 15161016 26923840
26 26 2450960 4191040 7581352 14340128 25571376
26 27 2173528 3750152 6835448 13022912 23376800
26 28 2540256 4358048 7970272 15239032 27161744
26 29 2555888 4317048 7745112 14775712 26645384
26 30 2400392 4198800 7762904 14855400 26290376
26 31 2447848 4435384 8361280 15886992 27682248
26 32 2508264 4473576 8342440 15914288 28003312
26 33 2394752 4209304 7804640 14878928 26402448
26 34 2600168 4510784 8295128 15906112 28389864
26 35 2574616 4482544 8240656 15683696 27945296
26 36 2416664 4195304 7628696 14494664 25898576
26 37 2542872 4449912 8186728 15536928 27458440
26 38 2404880 4121696 7487704 14396952 25904680
26 39 2335312 4031664 7382656 14128360 25273480
26 40 2366488 4128608 7604656 14483856 25623152
26 41 2366488 4128608 7604656 14483856 25623152
26 42 2335312 4031664 7382656 14128360 25273480
26 43 2404880 4121696 7487704 14396952 25904680
26 44 2542872 4449912 8186728 15536928 27458440
26 45 2416664 4195304 7628696 14494664 25898576
26 46 2574616 4482544 8240656 15683696 27945296
26 47 2600168 4510784 8295128 15906112 28389864
26 48 2394752 4209304 7804640 14878928 26402448
26 49 2508264 4473576 8342440 15914288 28003312
26 50 2447848 4435384 8361280 15886992 27682248
26 51 2400392 4198800 7762904 14855400 26290376
26 52 2555888 4317048 7745112 14775712 26645384
26 53 2540256 4358048 7970272 15239032 27161744
26 54 2173528 3750152 6835448 13022912 23376800
26 55 2450960 4191040 7581352 14340128 25571376
26 56 2523264 4359248 7998088 15161016 26923840
26 57 2574288 4500432 8354408 15769816 27758712
26 58 2548720 4493448 8341552 15751152 27643592
26 59 2468984 4237776 7705592 14709384 26279832
26 60 2588064 4559744 8480784 16192752 28445216
26 61 2588064 4559744 8480784 16192752 28445216
26 62 2468984 4237776 7705592 14709384 26279832
26 63 2548720 4493448 8341552 15751152 27643592
26 64 2574288 4500432 8354408 15769816 27758712
26 65 2523264 4359248 7998088 15161016 26923840
26 66 2450960 4191040 7581352 14340128 25571376
26 67 2173528 3750152 6835448 13022912 23376800
26 68 2540256 4358048 7970272 15239032 27161744
26 69 2555888 4317048 7745112 14775712 26645384
26 70 2400392 4198800 7762904 14855400 26290376
26 71 2447848 4435384 8361280 15886992 27682248
26 72 2508264 4473576 8342440 15914288 28003312
26 73 2394752 4209304 7804640 14878928 26402448
26 74 2600168 4510784 8295128 15906112 28389864
26 75 2574616 4482544 8240656 15683696 27945296
26 76 2416664 4195304 7628696 14494664 25898576
26 77 2542872 4449912 8186728 15536928 27458440
26 78 2404880 4121696 7487704 14396952 25904680
26 79 2335312 4031664 7382656 14128360 25273480
26 80 2366488 4128608 7604656 14483856 25623152
26 81 2366488 4128608 7604656 14483856 25623152
26 82 2335312 4031664 7382656 14128360 25273480
26 83 2404880 4121696 7487704 14396952 25904680
26 84 2542872 4449912 8186728 15536928 27458440
26 85 2416664 4195304 7628696 14494664 25898576
26 86 2574616 4482544 8240656 15683696 27945296
26 87 2600168 4510784 8295128 15906112 28389864
26 88 2394752 4209304 7804640 14878928 26402448
26 89 2508264 4473576 8342440 15914288 28003312
26 90 2447848 4435384 8361280 15886992 27682248
26 91 2400392 4198800 7762904 14855400 26290376
26 92 2555888 4317048 7745112 14775712 26645384
26 93 2540256 4358048 7970272 15239032 27161744
26 94 2173528 3750152 6835448 13022912 23376800
26 95 2450960 4191040 7581352 14340128 25571376
26 96 2523264 4359248 7998088 15161016 26923840
26 97 2574288 4500432 8354408 15769816 27758712
26 98 2548720 4493448 8341552 15751152 27643592
26 99 2468984 4237776 7705592 14709384 26279832
26 100 2588064 4559744 8480784 16192752 28445216
26 101 2588064 4559744 8480784 16192752 28445216
26 102 2468984 4237776 7705592 14709384 26279832
26 103 2548720 4493448 8341552 15751152 27643592
26 104 2574288 4500432 8354408 15769816 27758712
26 105 2523264 4359248 7998088 15161016 26923840
26 106 2450960 4191040 7581352 14340128 25571376
26 107 2173528 3750152 6835448 13022912 23376800
26 108 2540256 4358048 7970272 15239032 27161744
26 109 2555888 4317048 7745112 14775712 26645384
26 110 2400392 4198800 7762904 14855400 26290376
26 111 2447848 4435384 8361280 15886992 27682248
26 112 2508264 4473576 8342440 15914288 28003312
26 113 2394752 4209304 7804640 14878928 26402448
26 114 2600168 4510784 8295128 15906112 28389864
26 115 2574616 4482544 8240656 15683696 27945296
26 116 2416664 4195304 7628696 14494664 25898576
26 117 2542872 4449912 8186728 15536928 27458440
26 118 2404880 4121696 7487704 14396952 25904680
26 119 2335312 4031664 7382656 14128360 25273480
26 120 2366488 4128608 7604656 14483856 25623152
26 121 2366488 4128608 7604656 14483856 25623152
26 122 2335312 4031664 7382656 14128360 25273480
26 123 2404880 4121696 7487704 14396952 25904680
26 124 2542872 4449912 8186728 15536928 27458440
26 125 2416664 4195304 7628696 14494664 25898576
26 126 2574616 4482544 8240656 15683696 27945296
26 127 2600168 4510784 8295128 15906112 28389864
26 128 2394752 4209304 7804640 14878928 26402448
26 129 2508264 4473576 8342440 15914288 28003312
26 130 2447848 4435384 8361280 15886992 27682248
26 131 2400392 4198800 7762904 14855400 26290376
26 132 2555888 4317048 7745112 14775712 26645384
26 133 2540256 4358048 7970272 15239032 27161744
26 134 2173528 3750152 6835448 13022912 23376800
26 135 2450960 4191040 7581352 14340128 25571376
26 136 2523264 4359248 7998088 15161016 26923840
26 137 2574288 4500432 8354408 15769816 27758712
26 138 2548720 4493448 8341552 15751152 27643592
26 139 2468984 4237776 7705592 14709384 26279832
26 140 2588064 4559744 8480784 16192752 28445216
26 141 2588064 4559744 8480784 16192752 28445216
26 142 2468984 4237776 7705592 14709384 26279832
26 143 2548720 4493448 8341552 15751152 27643592
26 144 2574288 4500432 8354408 15769816 27758712
26 145 2523264 4359248 7998088 15161016 26923840
26 146 2450960 4191040 7581352 14340128 25571376
26 147 2173528 3750152 6835448 13022912 23376800
26 148 2540256 4358048 7970272 15239032 27161744
26 149 2555888 4317048 7745112 14775712 26645384
26 150 2400392 4198800 7762904 14855400 26290376
26 151 2447848 4435384 8361280 15886992 27682248
26 152 2508264 4473576 8342440 15914288 28003312
26 153 2394752 4209304 7804640 14878928 26402448
26 154 2600168 4510784 8295128 15906112 28389864
26 155 2574616 4482544 8240656 15683696 27945296
26 156 2416664 4195304 7628696 14494664 25898576
26 157 2542872 4449912 8186728 15536928 27458440
26 158 2404880 4121696 7487704 14396952 25904680
26 159 2335312 4031664 7382656 14128360 25273480
26 160 2366488 4128608 7604656 14483856 25623152
26 161 2366488 4128608 7604656 14483856 25623152
26 162 2335312 4031664 7382656 14128360 25273480
26 163 2404880 4121696 7487704 14396952 25904680
26 164 2542872 4449912 8186728 15536928 27458440
26 165 2416664 4195304 7628696 14494664 25898576
26 166 2574616 4482544 8240656 15683696 27945296
26 167 2600168 4510784 8295128 15906112 28389864
26 168 2394752 4209304 7804640 14878928 26402448
26 169 2508264 4473576 8342440 15914288 28003312
26 170 2447848 4435384 8361280 15886992 27682248
26 171 2400392 4198800 7762904 14855400 26290376
26 172 2555888 4317048 7745112 14775712 26645384
26 173 2540256 4358048 7970272 15239032 27161744
26 174 2173528 3750152 6835448 13022912 23376800
26 175 2450960 4191040 7581352 14340128 25571376
26 176 2523264 4359248 7998088 15161016 26923840
26 177 2574288 4500432 8354408 15769816 27758712
26 178 2548720 4493448 8341552 15751152 27643592
26 179 2468984 4237776 7705592 14709384 26279832
26 180 2588064 4559744 8480784 16192752 28445216
26 181 2588064 4559744 8480784 16192752 28445216
26 182 2468984 4237776 7705592 14709384 26279832
26 183 2548720 4493448 8341552 15751152 27643592
26 184 2574288 4500432 8354408 15769816 27758712
26 185 2523264 4359248 7998088 15161016 26923840
26 186 2450960 4191040 7581352 14340128 25571376
26 187 2173528 3750152 6835448 13022912 23376800
26 188 2540256 4358048 7970272 15239032 27161744
26 189 2555888 4317048 7745112 14775712 26645384
26 190 2400392 4198800 7762904 14855400 26290376
26 191 2447848 4435384 8361280 15886992 27682248
26 192 2508264 4473576 8342440 15914288 28003312
26 193 2394752 4209304 7804640 14878928 26402448
26 194 2600168 4510784 8295128 15906112 28389864
26 195 2574616 4482544 8240656 15683696 27945296
26 196 2416664 4195304 7628696 14494664 25898576
26 197 2542872 4449912 8186728 15536928 27458440
26 198 2404880 4121696 7487704 14396952 25904680
26 199 2335312 4031664 7382656 14128360 25273480
26 200 2366488 4128608 7604656 14483856 25623152
26 201 2366488 4128608 7604656 14483856 25623152
26 202 2335312 4031664 7382656 14128360 25273480
26 203 2404880 4121696 7487704 14396952 25904680
26 204 2542872 4449912 8186728 15536928 27458440
26 205 2416664 4195304 7628696 14494664 25898576
26 206 2574616 4482544 8240656 15683696 27945296
26 207 2600168 4510784 8295128 15906112 28389864
26 208 2394752 4209304 7804640 14878928 26402448
26 209 2508264 4473576 8342440 15914288 28003312
26 210 2447848 4435384 8361280 15886992 27682248
26 211 2400392 4198800 7762904 14855400 26290376
26 212 2555888 4317048 7745112 14775712 26645384
26 213 2540256 4358048 7970272 15239032 27161744
26 214 2173528 3750152 6835448 13022912 23376800
26 215 2450960 4191040 7581352 14340128 25571376
26 216 2523264 4359248 7998088 15161016 26923840
26 217 2574288 4500432 8354408 15769816 27758712
26 218 2548720 4493448 8341552 15751152 27643592
26 219 2468984 4237776 7705592 14709384 26279832
26 220 2588064 4559744 8480784 16192752 28445216
26 221 2588064 4559744 8480784 16192752 28445216
26 222 2468984 4237776 7705592 14709384 26279832
26 223 2548720 4493448 8341552 15751152 27643592
26 224 2574288 4500432 8354408 15769816 27758712
26 225 2523264 4359248 7998088 15161016 26923840
26 226 2450960 4191040 7581352 14340128 25571376
26 227 2173528 3750152 6835448 13022912 23376800
26 228 2540256 4358048 7970272 15239032 27161744
26 229 2555888 4317048 7745112 14775712 26645384
26 230 2400392 4198800 7762904 14855400 26290376
26 231 2447848 4435384 8361280 15886992 27682248
26 232 2508264 4473576 8342440 15914288 28003312
26 233 2394752 4209304 7804640 14878928 26402448
26 234 2600168 4510784 8295128 15906112 28389864
26 235 2574616 4482544 8240656 15683696 27945296
26 236 2416664 4195304 7628696 14494664 25898576
26 237 2542872 4449912 8186728 15536928 27458440
26 238 2404880 4121696 7487704 14396952 25904680
26 239 2335312 4031664 7382656 14128360 25273480
26 240 2366488 4128608 7604656 14483856 25623152
